TCAGTTACGGAATGAT-1	1_0	1	3	75	1.0	0.0	0.0	0.4998657768292399	0	0	0	0	0
GTAGCTAGTAAGCGCG-1	4_0	1	2	80	1.0	0.0	0.5	0.4814619004050695	0	0	0	0	0
TATTCCGGCAGTCCTA-1	4_0	1	5	57	1.0	0.0	0.5	0.4814619004050695	0	0	0	0	0
ACTGATTTAGTGATTC-1	5_5	1	4	80	2.0	0.0	0.0	0.4997315536778249	0	0	0	0	0
TCGTATTTCGTCCGGA-1	5_5	1	5	81	3.0	0.0	0.0	0.4997287407368107	0	0	0	0	0
CATAATGAGCGGGCGA-1	4_0	1	6	46	1.0	0.0	0.5	0.4814619004050695	0	0	0	0	0
GTAGACAACCGATGAA-1	4_0	1	7	55	1.0	0.0	0.5	0.4814619004050695	0	0	0	0	0
ACCCTTTAGTTCTCCA-1	1_0	1	6	80	2.0	0.0	0.0	0.4997315536778249	0	0	0	0	0
TGACCAGCTTCAAAGT-1	3_0	1	7	97	1.0	0.0	0.0	0.4998657768292399	0	0	0	0	0
GTGGTCAGCGAAGTAT-1	0_1	1	8	92	1.0	0.0	0.0	0.4998657768292399	0	0	0	0	0
CATGAACCGACATTTG-1	4_0	1	11	43	1.0	0.0	0.5	0.4814716676104572	0	0	0	0	0
ATTCTCGTCTCTTTAG-1	1_0	1	11	51	1.0	0.0	0.0	0.4998657768292399	0	0	0	0	0
AAAGTCACTGATGTAA-1	1_0	1	10	52	2.0	0.0	0.0	0.4997315536778249	0	0	0	0	0
TGTCTACAGTTTCTGT-1	5_10	1	11	53	1.0	0.0	0.0	0.4998657768292399	0	0	0	0	0
ACTTACCGGGCGCGCA-1	2_0	1	11	95	1.0	0.0	0.0	0.4998657768292399	0	0	0	0	0
AGCGGGAAGGGTCCAT-1	4_0	1	13	37	1.0	0.0	0.5	0.4814619004050695	0	0	0	0	0
CCGCCGGTCAACACAC-1	1_0	1	13	55	1.0	0.0	0.0	0.4998657768292399	0	0	0	0	0
GAAACAGCCATGCAGT-1	1_0	1	13	61	1.0	0.0	0.0	0.4998657768292399	0	0	0	0	0
CAATCCCTATACCAGC-1	2_0	1	12	88	1.0	0.0	0.0	0.4998657768292399	0	0	0	0	0
AGATACGACTTCATAT-1	4_0	1	15	35	1.0	0.0	0.5	0.4814619004050695	0	0	0	0	0
CAGCTCGTGCTTGTGT-1	1_0	1	14	42	1.0	0.0	0.0	0.4998657768292399	0	0	0	0	0
AACGATAGAAGGGCCG-1	1_0	1	15	53	1.0	0.0	0.0	0.4998657768292399	0	0	0	0	0
AGTCAGCCACCGCCTG-1	4_0	1	16	28	1.0	0.0	0.5	0.4814619004050695	0	0	0	0	0
CCTACGGCTCAGTCGA-1	4_0	1	16	32	1.0	0.0	0.5	0.4814619004050695	0	0	0	0	0
AGGACATCGCACGTCG-1	1_0	1	16	38	2.0	0.0	0.0	0.4997972587792181	0	0	0	0	0
GCATCCCTAACTTTGA-1	5_10	1	16	42	2.0	0.0	0.0	0.4997315536778249	0	0	0	0	0
CACCCACACGTCACCC-1	5_10	1	17	43	1.0	0.0	0.0	0.4998657768292399	0	0	0	0	0
TGAGATTAGGCCCTAA-1	2_0	1	16	94	1.0	0.0	0.0	0.4998657768292399	0	0	0	0	0
CGCGAGAGGGACTTGT-1	2_0	1	16	108	1.0	0.0	0.0	0.4998657768292399	0	0	0	0	0
CCCGCGCAATGCACCC-1	4_0	1	19	23	2.0	0.0	0.5	0.46297469744038	0	0	0	0	0
GAGGTCCCAAAGATCT-1	4_0	1	18	26	1.0	0.0	0.5	0.4814619004050695	0	0	0	0	0
CTTGTTTATGTAGCCA-1	4_0	1	18	28	1.0	0.0	0.5	0.4814619004050695	0	0	0	0	0
ATATTGCTGTCAAAGT-1	4_0	1	18	32	1.0	1.0	0.9995391453361084	0.9992989199252882	1	1	1	1	1
ACACCCGAGAAATCCG-1	1_0	1	19	39	2.0	0.0	0.0	0.4997315536778249	0	0	0	0	0
TCTATCATGCAGTTAC-1	5_10	1	18	40	1.0	0.0	0.0	0.4998657768292399	0	0	0	0	0
CGCTTCCACTGAAATC-1	5_10	1	18	42	1.0	0.0	0.0	0.4998657768292399	0	0	0	0	0
CACTGTCCAAGTGAGA-1	5_10	1	19	43	3.0	0.0	0.0	0.4995973305651003	0	0	0	0	0
CATAGTAGCATAGTAG-1	1_0	1	19	45	1.0	0.0	0.0	0.4998657768292399	0	0	0	0	0
CTGGCGGGAATAAGTA-1	4_0	1	20	22	1.0	0.0	0.5	0.4814619004050695	0	0	0	0	0
GTATCAGCTTGGGTTC-1	1_0	1	20	34	1.0	0.0	0.0	0.4999314819425199	0	0	0	0	0
TTACATCGTGGCCTGG-1	1_0	1	20	36	1.0	0.0	0.0	0.4998657768292399	0	0	0	0	0
TGCTGGTTGGACAATT-1	1_0	1	21	41	1.0	0.0	0.0	0.4998657768292399	0	0	0	0	0
TCTCTAATAGCTGGTA-1	1_0	1	20	52	1.0	0.0	0.0	0.4998657768292399	0	0	0	0	0
CATGGGTCGGGTGTGG-1	3_0	1	21	85	1.0	0.0	0.0	0.4998657768292399	0	0	0	0	0
GATGCCAGCAGAAGGC-1	4_0	1	23	17	2.0	0.0	0.5	0.46297469744038	0	0	0	0	0
TTGGCTCGCATGAGAC-1	1_0	1	23	37	1.0	0.0	0.0	0.4998657768292399	0	0	0	0	0
GAACACACATCAACCA-1	5_10	1	22	50	1.0	0.0	0.0	0.4998657768292399	0	0	0	0	0
TAGGGTGTTTCAAGAG-1	1_0	1	22	54	1.0	0.0	0.0	0.4999558453986304	0	0	0	0	0
TGGTTCGTAGCAAAGG-1	1_0	1	23	55	1.0	0.0	0.0	0.4998657768292399	0	0	0	0	0
ACCCACCTACATGCTC-1	1_0	1	25	25	2.0	0.0	0.0	0.4997972587792181	0	0	0	0	0
CACACAGGGATAGATT-1	1_0	1	25	27	1.0	0.0	0.0	0.4998657768292399	0	0	0	0	0
AGAGCGTACAAGCTCG-1	1_0	1	24	28	1.0	0.0	0.0	0.4998657768292399	0	0	0	0	0
TCTTACGGCATCCGAC-1	5_0	1	25	29	5.0	0.0	0.0888319634109604	0.4897743489971797	0	0	0	0	0
GAAAGTGACTAACTGC-1	1_0	1	25	31	1.0	0.0	0.0	0.4998657768292399	0	0	0	0	0
AGTCGGCCCAAACGAC-1	1_0	1	25	39	1.0	0.0	0.0	0.4998657768292399	0	0	0	0	0
GACTGCGGCACGTGTA-1	1_0	1	27	15	1.0	0.0	0.0	0.4998657768292399	0	0	0	0	0
TCGTCACACTGTTAGC-1	1_0	1	27	19	2.0	0.0	0.0	0.4997315536778249	0	0	0	0	0
TTATGTTTGCGATAGA-1	4_0	1	26	20	1.0	0.0	0.4418582909319537	0.4814619004050695	0	0	0	0	0
GGTGCTGATCACAAAG-1	4_0	1	27	21	1.0	0.0	0.3531371636814286	0.4814619004050695	0	0	0	0	0
GGTTAGTTACGGCGCC-1	1_0	1	27	23	3.0	0.0	0.0	0.4995973305651003	0	0	0	0	0
ATTCCCACATAAACAA-1	1_0	1	26	24	2.0	0.0	0.0	0.4997972587792181	0	0	0	0	0
ATTCAGTAGCAGGGTC-1	1_0	1	27	25	3.0	0.0	0.0	0.4995973305651003	0	0	0	0	0
CAGTTCCGCGGGTCGA-1	5_0	1	26	26	39.0	0.0256410256410256	0.9672998168941562	0.9915128920441684	1	1	1	1	1
AAGAGATGAATCGGTA-1	5_0	1	27	27	10.0	0.0	0.1257676744717886	0.4795184092309251	0	0	0	0	0
CGCAATTCTACAATAA-1	5_0	1	26	28	29.0	0.0	0.1552553666355875	0.4407925278781067	0	0	0	0	0
AGGCTATGGTTAGCTT-1	5_0	1	26	30	2.0	0.0	0.1051601889829095	0.4958901582757984	0	0	0	0	0
TCCTCTACGAGATGGC-1	1_0	1	26	32	1.0	0.0	0.0	0.4998657768292399	0	0	0	0	0
ACTGTAGCACTTTGGA-1	1_0	1	27	39	1.0	0.0	0.0	0.4998657768292399	0	0	0	0	0
GACTAAGTAGGCTCAC-1	1_0	1	27	43	1.0	0.0	0.0	0.4998657768292399	0	0	0	0	0
ATCTTGACCTGCAACG-1	1_0	1	26	44	1.0	0.0	0.0	0.4998657768292399	0	0	0	0	0
ATAGAGTACTGGGACA-1	4_3	1	26	48	1.0	0.0	0.0	0.4998657768292399	0	0	0	0	0
GCTCTCGGGTACCGAA-1	3_0	1	26	58	1.0	0.0	0.0	0.4998657768292399	0	0	0	0	0
CCTCACCTTAGCATCG-1	5_1	1	27	97	1.0	0.0	0.0	0.4998657768292399	0	0	0	0	0
AATATCGAGGGTTCTC-1	2_0	1	27	101	1.0	0.0	0.0	0.4998657768292399	0	0	0	0	0
GCCAACCATTTCCGGA-1	6_1	1	26	106	2.0	0.0	0.0	0.4997315536778249	0	0	0	0	0
GAGAGCGCAGTCCCTG-1	4_0	1	28	6	1.0	1.0	0.9999848049622166	0.9992989199252882	1	1	1	1	1
GCATTCGAAATGAACA-1	4_0	1	28	14	1.0	0.0	0.4418582909319537	0.4814619004050695	0	0	0	0	0
TAACAATATTTGTTGC-1	4_0	1	28	16	2.0	0.0	0.4236493654295575	0.46297469744038	0	0	0	0	0
CCAGCTTCCGCCCGCA-1	1_0	1	29	17	1.0	0.0	0.0	0.4998657768292399	0	0	0	0	0
GATATGGATTACGCGG-1	1_0	1	28	18	1.0	0.0	0.0	0.4998657768292399	0	0	0	0	0
AGAGCAGTTATGAGAC-1	1_0	1	29	19	1.0	0.0	0.0	0.4998657768292399	0	0	0	0	0
TCACATCTTATCTGAT-1	1_0	1	28	20	1.0	0.0	0.0	0.4998657768292399	0	0	0	0	0
TATGAAGACAGGTGCG-1	1_0	1	29	21	1.0	0.0	0.0	0.4998657768292399	0	0	0	0	0
TACCTGCTGCACTGTG-1	1_0	1	28	22	1.0	0.0	0.0	0.4998657768292399	0	0	0	0	0
CCGCACGTGACCTCGG-1	1_0	1	28	26	4.0	0.0	0.0	0.4995288125596208	0	0	0	0	0
GGGTATGTATGCACTT-1	1_0	1	28	28	1.0	0.0	0.0	0.4998657768292399	0	0	0	0	0
GAATTTCTCGCTGCAG-1	1_0	1	28	30	1.0	0.0	0.0	0.4998657768292399	0	0	0	0	0
GGGCGATATGTGTGAA-1	3_0	1	28	58	1.0	0.0	0.0	0.4998657768292399	0	0	0	0	0
ACCGACTGAGTCCCAC-1	2_1	1	28	66	1.0	0.0	0.0	0.4998657768292399	0	0	0	0	0
GATCGGTGGCCATAAC-1	2_1	1	28	68	1.0	0.0	0.0	0.4998657768292399	0	0	0	0	0
TCGCTGGGCGGATTGT-1	0_19	1	28	74	1.0	0.0	0.0	0.4998657768292399	0	0	0	0	0
GCGCATCCAGTCAGCA-1	5_1	1	29	95	1.0	0.0	0.0	0.4998657768292399	0	0	0	0	0
TCAATACAATTGCTGC-1	4_0	1	30	2	1.0	0.0	0.5	0.4814619004050695	0	0	0	0	0
TTAGCTCTGTAATCCG-1	1_0	1	31	15	1.0	0.0	0.0	0.4998657768292399	0	0	0	0	0
AATGGTCCACCGTTCA-1	1_0	1	30	16	1.0	0.0	0.0	0.4998657768292399	0	0	0	0	0
TGTGTTCGTATCCAAG-1	1_0	1	31	21	2.0	0.0	0.0	0.4997315536778249	0	0	0	0	0
TATCTACAGAGGTAAT-1	1_0	1	30	24	1.0	0.0	0.0	0.4998657768292399	0	0	0	0	0
TACAAGTCTCGTGCAT-1	1_0	1	31	27	2.0	0.0	0.0	0.4997315536778249	0	0	0	0	0
TCGGAATGCGCTCTGA-1	1_0	1	30	28	2.0	0.0	0.0	0.4997315536778249	0	0	0	0	0
TATGGCCCGGCCTCGC-1	1_0	1	30	30	1.0	0.0	0.0	0.4998657768292399	0	0	0	0	0
ACTGTCTTCTTTAGAA-1	3_0	1	30	64	1.0	0.0	0.0	0.4998657768292399	0	0	0	0	0
TCAAACTTAGATTGTT-1	0_19	1	31	65	1.0	0.0	0.0	0.4998657768292399	0	0	0	0	0
TCAGCAAATGCATCTC-1	5_1	1	31	73	1.0	0.0	0.0	0.4999314819425199	0	0	0	0	0
GTAGCTTCCTCTTGTT-1	5_1	1	31	89	1.0	0.0	0.0	0.4998657768292399	0	0	0	0	0
TACTTTACTGAGCCGG-1	5_1	1	30	96	1.0	0.0	0.0	0.4998657768292399	0	0	0	0	0
CCATACTCGCCTCTCC-1	4_0	1	32	0	1.0	0.0	0.5	0.4814619004050695	0	0	0	0	0
ACGATACCTATCCTGA-1	4_0	1	33	1	2.0	0.0	0.5	0.46297469744038	0	0	0	0	0
CTGCCCACGAAGCGTT-1	1_0	1	32	6	1.0	0.0	0.0	0.4998657768292399	0	0	0	0	0
GGACAAGTTGCAGTGA-1	1_0	1	33	7	1.0	0.0	0.0	0.4998657768292399	0	0	0	0	0
GAAATATCACCATCAG-1	1_0	1	33	23	1.0	0.0	0.0	0.4998657768292399	0	0	0	0	0
GTGAGCGTGCTGCACT-1	5_0	1	33	25	5.0	0.0	0.1167091752164735	0.4897504796539727	0	0	0	0	0
CCGCGGGTACGAAGAA-1	1_0	1	32	26	2.0	0.0	0.0	0.4997315536778249	0	0	0	0	0
TCCCTGGCTCGCTGGA-1	5_0	1	33	27	5.0	0.0	0.0745660225610672	0.4897504796539727	0	0	0	0	0
TCGGAGTACATGAGTA-1	5_1	1	32	74	1.0	0.0	0.0	0.4999314819425199	0	0	0	0	0
GGAGGGCTTGGTTGGC-1	5_1	1	32	78	1.0	0.0	0.0	0.4998657768292399	0	0	0	0	0
AGTGATTCAAGCAGGA-1	5_1	1	33	87	1.0	0.0	0.0	0.4998657768292399	0	0	0	0	0
GCACACGCCCATGGTC-1	1_0	1	34	10	1.0	0.0	0.0	0.4999314819425199	0	0	0	0	0
TTCCTCTGCCCGAATA-1	1_0	1	35	15	1.0	0.0	0.0	0.4999314819425199	0	0	0	0	0
CGGTGAAGACTAAAGT-1	5_0	1	35	23	4.0	0.0	0.0894839729147697	0.4917808718621622	0	0	0	0	0
CCCTGCGCTACGCATA-1	5_0	1	34	24	3.0	0.0	0.0901637989586017	0.4938592866948451	0	0	0	0	0
TACTGGACAGCTCGGC-1	5_0	1	35	25	11.0	0.0	0.1248419317026159	0.477410749227049	0	0	0	0	0
TTAGTAGGGCGGCGGG-1	5_0	1	34	26	8.0	0.0	0.0728756609007768	0.4835661844086651	0	0	0	0	0
GAGGCTATCAAAGTCG-1	5_0	1	35	27	4.0	0.0	0.0894839729147697	0.4917808718621622	0	0	0	0	0
ATACCACGGGCAACTT-1	5_0	1	35	29	12.0	0.0	0.136864643326842	0.4754526056744167	0	0	0	0	0
TGTCCTAAGTCACCGC-1	5_0	1	34	30	5.0	0.0	0.0745726140971805	0.4897743489971797	0	0	0	0	0
AGGTAGGTACAAAGCT-1	5_0	1	35	31	1.0	0.0	0.0619796909520558	0.4979777777271277	0	0	0	0	0
TGTAGTGATCTATAAT-1	0_0	1	35	33	1.0	0.0	0.1000540014800231	0.4933006255235235	0	0	0	0	0
TCCCGGGTGTGCTGCT-1	1_0	1	34	34	1.0	0.0	0.0	0.4998657768292399	0	0	0	0	0
CTAGTGAAGGACAGGA-1	0_0	1	34	38	1.0	0.0	0.1463585413805148	0.4933169405109801	0	0	0	0	0
GGCACTCCACTGGGCA-1	1_0	1	34	46	1.0	0.0	0.0	0.4998657768292399	0	0	0	0	0
ATAAAGGCTCGGTCGT-1	3_0	1	34	50	1.0	0.0	0.0	0.4998657768292399	0	0	0	0	0
TCTAGTTATCAGAAGA-1	3_0	1	34	54	1.0	0.0	0.0	0.4998657768292399	0	0	0	0	0
CTAGCATAGTATAATG-1	3_0	1	34	66	1.0	0.0	0.0	0.4998657768292399	0	0	0	0	0
CTATCGGGTCTCAACA-1	3_0	1	35	69	2.0	0.0	0.0	0.4997315536778249	0	0	0	0	0
GCTAAGTAGTTTCTCT-1	0_19	1	34	80	1.0	0.0	0.0	0.4998657768292399	0	0	0	0	0
CGTCGGATAGTGTTGA-1	2_0	1	34	96	1.0	0.0	0.0	0.4998657768292399	0	0	0	0	0
TACGCTATAGAAACCT-1	2_0	1	34	104	1.0	0.0	0.0	0.4998657768292399	0	0	0	0	0
CAAACCAGGTCTGCAT-1	4_0	1	36	0	1.0	0.0	0.5	0.4814619004050695	0	0	0	0	0
GTGCTGCAGATAAGGA-1	1_0	1	37	7	1.0	0.0	0.0	0.4998657768292399	0	0	0	0	0
CATTGCGAAATGGGCG-1	1_0	1	36	12	1.0	0.0	0.0	0.4998657768292399	0	0	0	0	0
TGTAATGACCACAATA-1	1_0	1	36	14	1.0	0.0	0.0	0.4998657768292399	0	0	0	0	0
AAACCTCATGAAGTTG-1	5_0	1	37	19	1.0	0.0	0.0768601010053501	0.4979450444274714	0	0	0	0	0
CCAGCTGATGGTACTT-1	5_0	1	37	21	6.0	0.0	0.1816452174440518	0.4876965606368083	0	0	0	0	0
AATATTGGAGTATTGA-1	5_0	1	36	22	1.0	0.0	0.1059362053557143	0.4979450444274714	0	0	0	0	0
GGCCCTCACCCACTTA-1	5_0	1	37	23	20.0	0.0	0.1170192339947717	0.4590848120335519	0	0	0	0	0
AACCAAGACTTCTCTG-1	5_0	1	36	24	12.0	0.0	0.1239569962261983	0.4753841901526108	0	0	0	0	0
TCGTATTACCCATTGC-1	5_0	1	37	25	10.0	0.0	0.112583847558837	0.4795987672473231	0	0	0	0	0
ATTCGACGCCGGGCCT-1	5_0	1	36	26	7.0	0.0	0.115043285826379	0.4856877222003089	0	0	0	0	0
GGCGCAGGACATCTTC-1	5_0	1	37	27	8.0	0.0	0.1141909912203301	0.4835900380038896	0	0	0	0	0
GTACTCCCTTATCGCT-1	5_0	1	36	28	2.0	0.0	0.0908324971786948	0.4958901582757984	0	0	0	0	0
TGGTCTGTTGGGCGTA-1	5_0	1	37	29	1.0	0.0	0.0768601010053501	0.4979450444274714	0	0	0	0	0
AATAACAACGCTCGGC-1	5_0	1	36	30	10.0	0.0	0.1768138917806261	0.4794945699924972	0	0	0	0	0
AAGACTGCAAGCTACT-1	3_0	1	36	68	1.0	0.0	0.0	0.4999314819425199	0	0	0	0	0
ATTAGGCGATGCTTTC-1	3_0	1	37	71	1.0	0.0	0.0	0.4998657768292399	0	0	0	0	0
AACGTGCGAAAGTCTC-1	3_0	1	36	74	1.0	0.0	0.0	0.4998657768292399	0	0	0	0	0
AAATAGCTTAGACTTT-1	2_0	1	36	106	1.0	0.0	0.0	0.4998657768292399	0	0	0	0	0
GCTTACGTAGTTAGTA-1	6_1	1	36	112	1.0	0.0	0.0	0.4998657768292399	0	0	0	0	0
ACAGGTGTGTTGTTGC-1	1_0	1	38	0	1.0	0.0	0.0	0.4998657768292399	0	0	0	0	0
ACCAGACCATAACAAC-1	1_0	1	38	4	1.0	0.0	0.0	0.4998657768292399	0	0	0	0	0
CCTCCTGAGCCCACAT-1	1_0	1	38	8	1.0	0.0	0.0	0.4998657768292399	0	0	0	0	0
GCATACGAGGTCTTTA-1	1_0	1	38	14	1.0	0.0	0.0	0.4998657768292399	0	0	0	0	0
GGGCCCTACGAAAGGG-1	5_0	1	38	16	1.0	0.0	0.0619720790404335	0.4979450444274714	0	0	0	0	0
CGCCAAGAAGCCGAGT-1	5_0	1	39	17	2.0	0.0	0.0464859765354642	0.4959228899255774	0	0	0	0	0
GGTACATCTGGGACGA-1	5_0	1	38	18	2.0	0.0	0.0614959623720231	0.4958901582757984	0	0	0	0	0
CCGATTCGAGGGACCC-1	5_0	1	38	20	8.0	0.0	0.0868665129965935	0.483646590431073	0	0	0	0	0
CCACTGGTGGCTGGTT-1	5_0	1	39	21	6.0	0.0	0.1158644703080343	0.4876965606368083	0	0	0	0	0
GACAGGCACACACTAT-1	5_0	1	38	22	15.0	0.0	0.1339678732222747	0.4692858512431315	0	0	0	0	0
TCAACGCGACCGGCAG-1	5_0	1	39	23	1.0	0.0	0.1059362053557143	0.4979450444274714	0	0	0	0	0
CTACGACTAGCTATAA-1	5_0	1	38	24	45.0	0.0222222222222222	0.9722911292248468	0.9910942613724766	1	1	1	1	1
CGGTTGACCTGGCATA-1	5_0	1	39	25	3.0	0.0	0.132205525819972	0.4938354109564563	0	0	0	0	0
ATCCTGAATCGCTGCG-1	5_0	1	38	26	12.0	0.0	0.1495590067579618	0.4754318333296561	0	0	0	0	0
GTTTCATATCGTCGCT-1	5_0	1	39	27	1.0	0.0	0.0768601010053501	0.4979450444274714	0	0	0	0	0
ATAAATATTAGCAGCT-1	5_0	1	38	28	1.0	0.0	0.0768601010053501	0.4979450444274714	0	0	0	0	0
AAGAGGATGTACGCGA-1	0_0	1	39	29	1.0	0.0	0.1903173586935325	0.4933006255235235	0	0	0	0	0
TCCTGCGTTGATACTC-1	0_0	1	38	30	1.0	0.0	0.1000598789006106	0.4933169405109801	0	0	0	0	0
TAATTTCCGTCCAGTA-1	1_0	1	40	0	1.0	0.0	0.0	0.4999314819425199	0	0	0	0	0
CAATACGCTCTGAGGC-1	1_0	1	40	10	1.0	0.0	0.0	0.4998657768292399	0	0	0	0	0
TGGTAAGCAGGATTGA-1	1_0	1	41	11	2.0	0.0	0.0	0.4997315536778249	0	0	0	0	0
AGTGGCTCCGTCGGCC-1	1_0	1	40	12	1.0	0.0	0.0	0.4998657768292399	0	0	0	0	0
AGAGATCTCTAAAGCG-1	5_0	1	40	18	2.0	0.0	0.0614959623720231	0.4958901582757984	0	0	0	0	0
GTGGCGGTCCCAGCGT-1	5_0	1	40	20	2.0	0.0	0.0464844066585937	0.4959140360260045	0	0	0	0	0
CCGTTCCGAATCTCGG-1	5_0	1	40	22	4.0	0.0	0.0894995390025707	0.491828617740237	0	0	0	0	0
CCTGTACTCACGCCCA-1	5_0	1	40	24	2.0	0.0	0.0762789045093525	0.4958901582757984	0	0	0	0	0
TTGCATGCTGATCACG-1	0_0	1	41	35	1.0	0.0	0.1000540014800231	0.4933006255235235	0	0	0	0	0
TCCTAGCAAAGAAGCT-1	0_0	1	41	41	1.0	0.0	0.1000540014800231	0.4933006255235235	0	0	0	0	0
TGCCACACTAGAGGAA-1	1_0	1	43	3	1.0	0.0	0.0	0.4999314819425199	0	0	0	0	0
CTCAGATTGTGATAAG-1	1_0	1	43	5	1.0	0.0	0.0	0.4998657768292399	0	0	0	0	0
CCGCCTTGCGATGTCG-1	1_0	1	43	7	1.0	0.0	0.0	0.4998657768292399	0	0	0	0	0
TTGTGAGGCATGACGC-1	1_0	1	43	13	1.0	0.0	0.0	0.4998657768292399	0	0	0	0	0
TGCCAAAGTCAGACTT-1	1_0	1	43	19	1.0	0.0	0.0	0.4998657768292399	0	0	0	0	0
TGCAGAACTATATCGT-1	1_0	1	42	22	1.0	0.0	0.0	0.4998657768292399	0	0	0	0	0
AGGACGACCCATTAGA-1	0_0	1	43	45	1.0	0.0	0.1463503866790378	0.4933006255235235	0	0	0	0	0
GGGCCCGTCTTAAACA-1	0_0	1	42	52	1.0	0.0	0.1000540014800231	0.4933006255235235	0	0	0	0	0
CACGCGGAACTGTTGC-1	6_0	1	42	98	1.0	0.0	0.0	0.4998657768292399	0	0	0	0	0
ACGTCTCGTTCCGGGA-1	1_0	1	44	6	1.0	0.0	0.0	0.4998657768292399	0	0	0	0	0
CTATGTGAGTCACGGC-1	1_0	1	45	17	1.0	0.0	0.0	0.4998657768292399	0	0	0	0	0
AAACTTGCAAACGTAT-1	5_0	1	45	19	3.0	0.3333333333333333	0.9409861680415246	0.9936707808596824	1	1	1	1	1
AGGGCGAGCAGCTGAT-1	5_0	1	44	20	19.0	0.0526315789473684	0.95554774848172	0.992788256711402	1	1	1	1	1
AACACGAGACGCGGCC-1	5_0	1	45	21	50.0	0.0	0.2015558216582768	0.3988427331955479	0	0	0	0	0
TGACGAATATTTCCCT-1	5_0	1	44	22	5.0	0.0	0.0888242324540907	0.4897504796539727	0	0	0	0	0
AGGCCCTAGAACGCCA-1	5_0	1	45	25	6.0	0.0	0.1158546858729107	0.4876726957695687	0	0	0	0	0
TTGTTTCCATACAACT-1	0_0	1	45	27	1.0	0.0	0.1463503866790378	0.4933006255235235	0	0	0	0	0
ATCAGACGGCACGCCG-1	0_0	1	44	42	1.0	0.0	0.1000540014800231	0.4933006255235235	0	0	0	0	0
GATCTTGGAGGGCATA-1	2_0	1	44	70	1.0	0.0	0.0	0.4998657768292399	0	0	0	0	0
ACAAAGAAGGTAGGCC-1	1_0	1	46	4	1.0	0.0	0.0	0.4998657768292399	0	0	0	0	0
GCAACACACTAGAACT-1	5_0	1	46	16	1.0	0.0	0.031477624269945	0.4979450444274714	0	0	0	0	0
ACTCCCATTCCTAAAG-1	0_0	1	47	17	1.0	0.0	0.1000540014800231	0.4933006255235235	0	0	0	0	0
AGGTCAGGTGAGAGTG-1	5_0	1	46	20	4.0	0.0	0.0894917556534917	0.4918047447825121	0	0	0	0	0
TCCTCCTAAGACATTC-1	5_0	1	47	21	15.0	0.0	0.0923304526099954	0.4598898306490057	0	0	0	0	0
ATGTGAAAGCCTAATG-1	5_0	1	46	22	5.0	0.0	0.0745684666470821	0.4897593304260328	0	0	0	0	0
AGTCGGCTCAACTTTA-1	5_0	1	47	23	8.0	0.0	0.086848552278038	0.4835900380038896	0	0	0	0	0
CGATCTGTTGGAGGAC-1	5_0	1	46	24	7.0	0.0	0.0875026538780592	0.48564305701186	0	0	0	0	0
ACGGGAGTGTCGGCCC-1	5_0	1	47	25	35.0	0.0	0.191314869281141	0.428670409401367	0	0	0	0	0
TTAACTTCAGGTAGGA-1	5_0	1	46	26	22.0	0.0	0.1629717644969378	0.4550556391167113	0	0	0	0	0
CCACGGAGCCATAAGA-1	5_0	1	47	27	25.0	0.0	0.1709753386893088	0.4488855008367793	0	0	0	0	0
CTTCTATGTTGAAGTA-1	5_0	1	46	28	1.0	0.0	0.0468458369119968	0.4979450444274714	0	0	0	0	0
CGGAACGTAAACATAG-1	0_0	1	47	45	1.0	0.0	0.1463503866790378	0.4933006255235235	0	0	0	0	0
CTGAATCCGAGACCTC-1	0_0	1	47	53	1.0	0.0	0.0513112442569777	0.4933006255235235	0	0	0	0	0
GGGTGACACCTTAACT-1	3_0	1	46	56	1.0	0.0	0.0	0.4998657768292399	0	0	0	0	0
GTCGTACCATCTCGGG-1	3_0	1	46	62	1.0	0.0	0.0	0.4998657768292399	0	0	0	0	0
ATAATAGCTGTTGAAT-1	3_0	1	47	63	1.0	0.0	0.0	0.4998657768292399	0	0	0	0	0
GCAACAGCAGTATGCG-1	2_0	1	46	106	1.0	0.0	0.0	0.4998657768292399	0	0	0	0	0
ATATACATGTATGGTA-1	1_0	1	49	1	1.0	0.0	0.0	0.4998657768292399	0	0	0	0	0
AAATGGCCCGTGCCCT-1	5_0	1	49	17	1.0	0.0	0.031477624269945	0.4979450444274714	0	0	0	0	0
CAGTACCAGTTTACGT-1	0_0	1	48	18	1.0	0.0	0.1000540014800231	0.4933006255235235	0	0	0	0	0
CGTTCATGGTGCGCGT-1	5_0	1	48	20	4.0	0.0	0.030738356905441	0.4918135968959312	0	0	0	0	0
GACTACAAAGCGGTGG-1	5_0	1	49	21	4.0	0.0	0.0605594018430693	0.4918047447825121	0	0	0	0	0
CAGCTGGCGTAACCGT-1	5_0	1	48	22	7.0	0.0	0.0734394875797783	0.48564305701186	0	0	0	0	0
ACTCGTAACCCGTCCT-1	5_0	1	49	23	21.0	0.0	0.1403683585912745	0.4569762288317027	0	0	0	0	0
CATATGTCAGGCTACG-1	5_0	1	48	24	29.0	0.0	0.1428638797505115	0.4384848525532007	0	0	0	0	0
GCCCGACTTCTTCCCG-1	5_0	1	49	25	51.0	0.0	0.2003280640952113	0.3970107703759966	0	0	0	0	0
CTGGCATCCGAATGAG-1	5_0	1	48	26	56.0	0.0178571428571428	0.976173646955234	0.9902613202180436	1	1	1	1	1
AAGTGCGTTAGAATCT-1	5_0	1	49	27	41.0	0.0	0.1837664759227912	0.4165812740301667	0	0	0	0	0
AGAAGTGATTCGTGAT-1	5_0	1	48	28	11.0	0.0	0.084922895719207	0.4774672471608195	0	0	0	0	0
CGAACCCGCATGCGTC-1	0_0	1	49	49	1.0	1.0	0.9917115586938098	0.9990464797973824	1	1	1	1	1
TTGGATATCGTCTACG-1	0_0	1	48	52	1.0	0.0	0.1000540014800231	0.4933006255235235	0	0	0	0	0
TTCTGCCGCGCCTAGA-1	2_0	1	49	69	1.0	0.0	0.0	0.4998657768292399	0	0	0	0	0
CGGGAGCTTCAGTGTA-1	2_0	1	49	91	1.0	0.0	0.0	0.4998657768292399	0	0	0	0	0
AGCGGCGGTTAGCGGT-1	1_0	1	50	12	1.0	0.0	0.0	0.4998657768292399	0	0	0	0	0
CTGGACGCAGTCCGGC-1	5_0	1	51	13	1.0	0.0	0.031477624269945	0.4979450444274714	0	0	0	0	0
AGCCTAATACCCACGT-1	5_0	1	50	14	1.0	0.0	0.031477624269945	0.4979450444274714	0	0	0	0	0
AATCTGGCTTTCTAGT-1	5_0	1	51	15	1.0	0.0	0.0468501020738705	0.4979689233830014	0	0	0	0	0
CACCCTTGGTGAGACC-1	5_0	1	50	16	3.0	0.0	0.0309860070410633	0.4938831624612421	0	0	0	0	0
GGATCTTGACTCAACC-1	5_0	1	51	17	10.0	0.0	0.0717790468706481	0.4794857304016021	0	0	0	0	0
ACGAGGATACCACTCT-1	5_0	1	50	18	1.0	0.0	0.0468458369119968	0.4979450444274714	0	0	0	0	0
GAGTTGATGGCAATTT-1	5_0	1	51	19	1.0	0.0	0.0915135969020757	0.4979450444274714	0	0	0	0	0
GTGGCAAACAGCGGCA-1	5_0	1	50	20	4.0	0.0	0.0307344561206682	0.4917808718621622	0	0	0	0	0
GATGTAACGAACCACC-1	5_0	1	51	21	5.0	0.0	0.0600880483277161	0.4897266103575023	0	0	0	0	0
AGCCGTGGCTAAATGT-1	5_0	1	50	22	12.0	0.0	0.084313056283876	0.4755032989334858	0	0	0	0	0
CTCCCTCCTTTCGATC-1	5_0	1	51	23	6.0	0.0	0.0739942376788049	0.4876726957695687	0	0	0	0	0
TTGGAAGAATACAGTC-1	5_0	1	50	24	58.0	0.0	0.1637865898661692	0.3831714813323738	0	0	0	0	0
AGTTAAGTCAACCGCT-1	5_0	1	51	25	17.0	0.0	0.1195624866299891	0.4651460570587465	0	0	0	0	0
CTCATGGTAATTTGCG-1	5_0	1	50	26	79.0	0.0	0.1982442932910646	0.3435617870367254	0	0	0	0	0
AAAGTAGCATTGCTCA-1	5_0	1	51	27	18.0	0.0	0.1434055795018954	0.4631729212851934	0	0	0	0	0
TTGTGGTAGGAGGGAT-1	5_0	1	50	28	6.0	0.0	0.0740047411517622	0.48771099320877	0	0	0	0	0
AGTCGTGGGCATTACG-1	0_0	1	51	29	2.0	0.0	0.0976666555671008	0.486603656045435	0	0	0	0	0
TAATAGAACAGAGTTA-1	0_0	1	50	38	1.0	0.0	0.1000540014800231	0.4933006255235235	0	0	0	0	0
TGCGAGAATATTACCC-1	0_0	1	50	40	1.0	0.0	0.1463503866790378	0.4933006255235235	0	0	0	0	0
TTGCGTCGGCCAACCG-1	0_0	1	51	41	1.0	0.0	0.1000540014800231	0.4933006255235235	0	0	0	0	0
GTAGCCAAACATGGGA-1	2_0	1	50	70	1.0	0.0	0.0	0.4998657768292399	0	0	0	0	0
CCCAGTAAACTTGGGA-1	5_0	1	52	12	1.0	0.0	0.0468501020738705	0.4979689233830014	0	0	0	0	0
AGATTCACAACCGATA-1	5_0	1	53	13	1.0	0.0	0.0768601010053501	0.4979450444274714	0	0	0	0	0
GCAGGAACTTAGATCT-1	5_0	1	53	15	3.0	0.0	0.0610232656306367	0.4938354109564563	0	0	0	0	0
AATCTAGGTTTACTTG-1	5_0	1	52	16	3.0	0.0	0.0610232656306367	0.4938354109564563	0	0	0	0	0
CCCGGTGTATCGGAAT-1	5_0	1	53	17	5.0	0.0	0.0745660225610672	0.4897504796539727	0	0	0	0	0
TTATCCTCAAGGAATA-1	5_0	1	52	18	33.0	0.0303030303030303	0.9710769446600004	0.9919176305232996	1	1	1	1	1
AGCATCATTTCGAAAG-1	5_0	1	53	19	4.0	0.0	0.0894839729147697	0.4917808718621622	0	0	0	0	0
CGCGAGTCTGCCGGGT-1	5_0	1	52	20	2.0	0.0	0.0762789045093525	0.4958901582757984	0	0	0	0	0
GTATGAAATTTCACTC-1	5_0	1	52	22	2.0	0.0	0.0464801731655779	0.4958901582757984	0	0	0	0	0
ACAGAACTGAGAACAA-1	5_0	1	52	24	2.0	0.0	0.0762789045093525	0.4958901582757984	0	0	0	0	0
CTACTATCATAGGTTT-1	5_0	1	53	25	2.0	0.0	0.0615014753150858	0.4959140360260045	0	0	0	0	0
CCTCTATCGATTAGCA-1	5_0	1	52	26	7.0	0.0	0.0875026538780592	0.48564305701186	0	0	0	0	0
CCGTATCTCGTCGTAG-1	5_0	1	53	27	4.0	0.0	0.0894839729147697	0.4917808718621622	0	0	0	0	0
GCTAGCTTGAATAGCT-1	0_0	1	52	44	1.0	0.0	0.1000540014800231	0.4933006255235235	0	0	0	0	0
TCGTTAGGAGTCCCTA-1	0_0	1	52	54	1.0	0.0	0.1000540014800231	0.4933006255235235	0	0	0	0	0
CTAGTTACAACCCGGT-1	3_0	1	53	67	1.0	0.0	0.0	0.4998657768292399	0	0	0	0	0
CCGCCGGAACTTCTCG-1	5_0	1	54	12	3.0	0.0	0.0610232656306367	0.4938354109564563	0	0	0	0	0
GCCATTAGCCTCAAAC-1	5_0	1	55	13	11.0	0.0	0.0849052995008821	0.477410749227049	0	0	0	0	0
GTTAGGCTACCCGTTT-1	5_0	1	54	14	4.0	0.0	0.1312762235107991	0.4918047447825121	0	0	0	0	0
GGGTATTCTAGCAAAC-1	5_0	1	55	15	60.0	0.0	0.1615991794117289	0.3793834217757225	0	0	0	0	0
GCCCTAGCCGTCGCGA-1	5_0	1	54	16	7.0	0.0	0.1013549637088874	0.4856191973786046	0	0	0	0	0
CAGATCCTGGTTTGAA-1	5_0	1	55	17	20.0	0.0	0.1413949335755992	0.4590817192877628	0	0	0	0	0
CTTCAGTGGTCGCCTA-1	5_0	1	54	18	2.0	0.0	0.0464801731655779	0.4958901582757984	0	0	0	0	0
GGGCAACCGCACGTGC-1	5_0	1	55	19	5.0	0.0	0.1028842226196511	0.4897863120835752	0	0	0	0	0
TAACATACACGCGATC-1	5_0	1	55	25	5.0	0.0	0.0745594315606442	0.4897266103575023	0	0	0	0	0
AATGTGCCCGAGGTGT-1	5_0	1	55	27	9.0	0.0	0.1397939049793917	0.4815852665323897	0	0	0	0	0
AGCTGTAACCTCAATC-1	5_0	1	54	28	3.0	0.0	0.104401435513424	0.4938681398508154	0	0	0	0	0
CGAGTGAAGGTACCAG-1	5_0	1	55	29	6.0	0.0	0.1021061040027456	0.4876726957695687	0	0	0	0	0
GACGCCGTAAAGGCTA-1	0_0	1	54	54	1.0	0.0	0.1000540014800231	0.4933006255235235	0	0	0	0	0
TATCCAATTGGTTATC-1	2_0	1	55	79	1.0	0.0	0.0	0.4998657768292399	0	0	0	0	0
CACGTTTCGTACACAC-1	2_0	1	55	91	1.0	0.0	0.0	0.4998657768292399	0	0	0	0	0
TTCAGCTGGCGTGCCC-1	2_0	1	55	95	1.0	0.0	0.0	0.4998657768292399	0	0	0	0	0
CATACACAAAGTCAGC-1	1_0	1	56	0	1.0	0.0	0.0	0.4998657768292399	0	0	0	0	0
ACGAGGTTTACAACGT-1	5_0	1	57	13	23.0	0.0	0.0775964709056259	0.4530417089328453	0	0	0	0	0
AACCCATCCCATGATC-1	5_0	1	56	14	30.0	0.0333333333333333	0.9640935537715166	0.9921133230703864	1	1	1	1	1
TCGACAACTGAACCCG-1	5_0	1	57	15	38.0	0.0	0.1135676759094698	0.4227497831708843	0	0	0	0	0
TATCTTGCAATACAAC-1	5_0	1	56	16	179.0	0.0055865921787709	0.94891051109106	0.9739708892331254	1	1	1	1	1
TATTATGTTTGCCTGC-1	5_0	1	57	17	102.0	0.0	0.1556112409553161	0.3021073831046194	0	0	0	0	0
GTCAAAGAAGTGGTGT-1	5_0	1	56	18	210.0	0.0047619047619047	0.9345496370173382	0.9664049055538456	1	1	1	1	1
GGGACAGAGTTACTCC-1	5_0	1	57	19	6.0	0.0	0.1427623035812187	0.4876965606368083	0	0	0	0	0
AGCAACCGAAAGTAAT-1	5_0	1	56	20	11.0	0.0	0.0849154732597482	0.4774434163544876	0	0	0	0	0
CTCTCTAACTGCCTAG-1	5_0	1	57	21	7.0	0.1428571428571428	0.9543613993606298	0.993459983430189	1	1	1	1	1
ATACGGAACGTCGTTT-1	5_0	1	56	22	3.0	0.0	0.0610232656306367	0.4938354109564563	0	0	0	0	0
TCGGTCCCGACAATAG-1	5_0	1	57	23	5.0	0.0	0.1166993288637758	0.4897266103575023	0	0	0	0	0
CGCGCAAATGTCCAGA-1	5_0	1	56	24	4.0	0.0	0.0751285923327385	0.4917808718621622	0	0	0	0	0
TCTAATACTGCCTCAG-1	5_0	1	57	25	8.0	0.0	0.1537690951953193	0.4835988829610378	0	0	0	0	0
CTCGGTTGTCGGCCCT-1	5_0	1	56	26	11.0	0.0	0.0984077129859186	0.4774345798925873	0	0	0	0	0
GGTAACCGGGAGGATA-1	5_0	1	57	27	6.0	0.0	0.0881535280053944	0.4876726957695687	0	0	0	0	0
CAGGCGCACGGTGGTC-1	5_0	1	56	28	23.0	0.0	0.1959300639448993	0.4529707036970812	0	0	0	0	0
TCATCGATGGTCCCAA-1	5_0	1	57	29	4.0	0.0	0.0751352295616915	0.4918047447825121	0	0	0	0	0
CAAAGATTATTGGGCC-1	5_0	1	56	30	1.0	0.0	0.0468458369119968	0.4979450444274714	0	0	0	0	0
ACAATGAATACGGAGA-1	5_0	1	57	31	1.0	0.0	0.0468458369119968	0.4979450444274714	0	0	0	0	0
GATGACAAGTAGGGCA-1	5_0	1	57	33	1.0	0.0	0.031477624269945	0.4979450444274714	0	0	0	0	0
GTGGTATAGTCTGCCG-1	0_0	1	57	41	1.0	0.0	0.1463503866790378	0.4933006255235235	0	0	0	0	0
TGCTCGGCGAAACCCA-1	0_0	1	57	61	1.0	0.0	0.1000620583368491	0.4933229901416396	0	0	0	0	0
CGTCGTCCTTCGCGAA-1	2_0	1	56	76	1.0	0.0	0.0	0.4998657768292399	0	0	0	0	0
GTGGAGCGTTTACCGA-1	5_0	1	58	16	6.0	0.0	0.0740007827116512	0.4876965606368083	0	0	0	0	0
AGGCGGTTTGTCCCGC-1	5_0	1	59	17	47.0	0.0212765957446808	0.9651606628192844	0.9909428582449978	1	1	1	1	1
TCCCTGGCGTATTAAC-1	5_0	1	58	18	15.0	0.0	0.1339457108185257	0.4692382730284248	0	0	0	0	0
AAACACCAATAACTGC-1	5_0	1	59	19	2.0	0.0	0.0762789045093525	0.4958901582757984	0	0	0	0	0
TGGACGCAATCCAGCC-1	5_0	1	58	20	23.0	0.0	0.1384575432254987	0.4530268166344411	0	0	0	0	0
GTATCTCAGTCTTGAC-1	5_0	1	58	22	3.0	0.0	0.0610232656306367	0.4938354109564563	0	0	0	0	0
AGATGCAAGACGTGCA-1	5_0	1	58	24	12.0	0.0	0.1109329630856479	0.4754494995833994	0	0	0	0	0
AGTATGCTGGAGACCA-1	5_0	1	58	26	27.0	0.0	0.1686795655814562	0.4448605114973452	0	0	0	0	0
GAAGAAACGATATTGT-1	5_0	1	59	29	10.0	0.1	0.9760271980579016	0.9966302323985754	1	1	1	1	1
GGACCTCTAGGCCGCC-1	5_0	1	58	30	2.0	0.0	0.1735274783789885	0.4958901582757984	0	0	0	0	0
AAGATGGCACCGGACC-1	0_0	1	59	39	1.0	0.0	0.1000540014800231	0.4933006255235235	0	0	0	0	0
GAACCCTCTGTGTTCT-1	0_0	1	59	67	1.0	0.0	0.1000540014800231	0.4933006255235235	0	0	0	0	0
TGCGACGGCCGAACGT-1	0_0	1	60	32	1.0	0.0	0.1000540014800231	0.4933006255235235	0	0	0	0	0
GTCTCAAGGCCCGGCT-1	0_0	1	60	66	1.0	0.0	0.1000540014800231	0.4933006255235235	0	0	0	0	0
AAGTGAGTCGGGTTTA-1	0_0	1	62	48	1.0	0.0	0.1000540014800231	0.4933006255235235	0	0	0	0	0
CTCCTCCAGCTCACAC-1	0_0	1	62	50	1.0	0.0	0.1000540014800231	0.4933006255235235	0	0	0	0	0
CGAATGACGCATAATG-1	0_0	1	63	57	1.0	0.0	0.1463503866790378	0.4933006255235235	0	0	0	0	0
GGTCTCCGTCCAGGTT-1	0_0	1	63	101	1.0	0.0	0.0513112442569777	0.4933006255235235	0	0	0	0	0
CGTTCAGACCCGCGAA-1	5_6	1	65	61	1.0	0.0	0.0	0.4998657768292399	0	0	0	0	0
GTGACAGCTTCCCACT-1	0_0	1	64	74	1.0	0.0	0.0513112442569777	0.4933006255235235	0	0	0	0	0
AATTCCAAGCATGTAC-1	0_0	1	66	58	1.0	0.0	0.1000540014800231	0.4933006255235235	0	0	0	0	0
GCAAACGTAAGCGACC-1	5_0	1	69	5	1.0	0.0	0.0619720790404335	0.4979450444274714	0	0	0	0	0
CCCTCGATAATACACA-1	5_0	1	69	29	1.0	0.0	0.0619720790404335	0.4979450444274714	0	0	0	0	0
GCTGAAGGGTTCTTGG-1	5_0	1	70	4	1.0	0.0	0.0619720790404335	0.4979450444274714	0	0	0	0	0
TAGACTCAGTTGGCCT-1	5_0	1	70	14	9.0	0.0	0.1654561957873064	0.4815614196103228	0	0	0	0	0
CAGTGTTAATCTCTCA-1	5_0	1	70	16	24.0	0.0	0.1607415944241012	0.4509820146661833	0	0	0	0	0
CAGGCCAGTACCACCT-1	5_0	1	71	17	60.0	0.05	0.9999991251765348	0.9999996072976062	3	1	1	1	1
GTATCTCGGGCGCTTT-1	5_0	1	71	19	2.0	0.0	0.0908324971786948	0.4958901582757984	0	0	0	0	0
ACTACAAAGAGAGGTG-1	5_6	1	71	49	2.0	0.0	0.0	0.4997972587792181	0	0	0	0	0
CCTGTTCAACCTCGGG-1	5_6	1	71	51	1.0	0.0	0.0	0.4998657768292399	0	0	0	0	0
ATTGTCTGTTTCATGT-1	5_6	1	71	53	2.0	0.0	0.0	0.4997315536778249	0	0	0	0	0
CTCGAGGCAAGTTTCA-1	5_0	1	72	32	14.0	0.0714285714285714	0.9709651482747064	0.993075979107656	1	1	1	1	1
GCTGGGAGCGCGTCAA-1	5_0	1	73	33	5.0	0.0	0.1166993288637758	0.4897266103575023	0	0	0	0	0
GACGATATCACTGGGT-1	5_0	1	72	34	1.0	0.0	0.1059362053557143	0.4979450444274714	0	0	0	0	0
TCTATCCGATTGCACA-1	0_0	1	73	85	1.0	0.0	0.0513112442569777	0.4933006255235235	0	0	0	0	0
CTTCAGTTGGACAACG-1	0_0	1	73	91	1.0	0.0	0.0513112442569777	0.4933006255235235	0	0	0	0	0
