CATTATAACAGGGTCC-1	4_0	1	1	65	1.0	0.0	0.0	0.4998657768292399	0	0	0	0	0
GAGCCACGGTAGTAGG-1	4_0	1	9	47	1.0	0.0	0.0	0.4998657768292399	0	0	0	0	0
TGCGAGCCCTTCCGCG-1	6_2	1	12	102	1.0	0.0	0.0	0.4998657768292399	0	0	0	0	0
GTGCAACAAATGTGGC-1	1_0	1	14	62	1.0	0.0	0.4765624460613494	0.4897686397585069	0	0	0	0	0
CATGCGTTAGACAGAA-1	1_0	1	15	63	1.0	0.0	0.2753650418508929	0.4897686397585069	0	0	0	0	0
AGGACATCGCACGTCG-1	1_0	1	16	38	1.0	0.0	0.2143387291842374	0.4897686397585069	0	0	0	0	0
TTGAACGAATCCTTTG-1	4_0	1	19	21	1.0	0.0	0.0	0.4998657768292399	0	0	0	0	0
CACTGTCCAAGTGAGA-1	5_10	1	19	43	1.0	0.0	0.0	0.4998657768292399	0	0	0	0	0
CATAGTAGCATAGTAG-1	1_0	1	19	45	1.0	0.0	0.5	0.4897686397585069	0	0	0	0	0
TTACATCGTGGCCTGG-1	1_0	1	20	36	1.0	0.0	0.4765624460613494	0.4897686397585069	0	0	0	0	0
GGCTCGTGCCACCAGC-1	1_0	1	20	38	1.0	0.0	0.2753650418508929	0.4897686397585069	0	0	0	0	0
TATAAATCCACAAGCT-1	5_10	1	20	44	1.0	0.0	0.0	0.4998657768292399	0	0	0	0	0
AACGCATGATCTGGGT-1	2_0	1	20	104	1.0	0.0	0.0	0.4998657768292399	0	0	0	0	0
CTAGCCGATGTTATGA-1	3_0	1	23	101	1.0	0.0	0.0	0.4998657768292399	0	0	0	0	0
TCTTACGGCATCCGAC-1	5_0	1	25	29	1.0	0.0	0.4026366429966036	0.4891178315253595	0	0	0	0	0
ATTCAGTAGCAGGGTC-1	1_0	1	27	25	2.0	0.0	0.2672732052947779	0.4795458441410768	0	0	0	0	0
CAGTTCCGCGGGTCGA-1	5_0	1	26	26	4.0	0.0	0.5	0.4565741383368484	0	0	0	0	0
CGCAATTCTACAATAA-1	5_0	1	26	28	7.0	0.0	0.5	0.4243970017622996	0	0	0	0	0
TAACGCTTTGAGAGCG-1	5_0	1	27	29	1.0	0.0	0.3486836323605951	0.4891178315253595	0	0	0	0	0
GAGGAATGGAGAGGTT-1	1_0	1	27	31	2.0	0.0	0.3742847673574472	0.4795458441410768	0	0	0	0	0
TCCTCTACGAGATGGC-1	1_0	1	26	32	1.0	0.0	0.5	0.4897822465907717	0	0	0	0	0
TCAGTACTGACCCGCG-1	1_0	1	26	34	1.0	0.0	0.3317822948138227	0.4897686397585069	0	0	0	0	0
TAATAGTGACGACCAG-1	5_1	1	27	83	1.0	0.0	0.0	0.4998657768292399	0	0	0	0	0
CCTCACCTTAGCATCG-1	5_1	1	27	97	1.0	0.0	0.0	0.4998657768292399	0	0	0	0	0
GAAACTCGTGCGATGC-1	1_0	1	28	24	1.0	0.0	0.3317822948138227	0.4897686397585069	0	0	0	0	0
CCGCACGTGACCTCGG-1	1_0	1	28	26	1.0	0.0	0.2753650418508929	0.4897686397585069	0	0	0	0	0
TTGATCTAACTTTGTC-1	1_0	1	29	47	1.0	0.0	0.2143387291842374	0.4897686397585069	0	0	0	0	0
ACAATTTGAGCAGTGG-1	5_1	1	28	82	1.0	0.0	0.0	0.4999314819425199	0	0	0	0	0
GACTCGCGGGAATGAC-1	5_1	1	28	96	1.0	0.0	0.0	0.4998657768292399	0	0	0	0	0
AGGGAGACATACTTCG-1	6_1	1	29	113	1.0	0.0	0.0	0.4998657768292399	0	0	0	0	0
TCCTCTCCAGTTGTCC-1	1_0	1	30	20	1.0	0.0	0.2753650418508929	0.4897686397585069	0	0	0	0	0
TGTGTTCGTATCCAAG-1	1_0	1	31	21	1.0	0.0	0.4765624460613494	0.4897686397585069	0	0	0	0	0
TCGGAATGCGCTCTGA-1	1_0	1	30	28	1.0	0.0	0.3317822948138227	0.4897686397585069	0	0	0	0	0
ACTGTACGATACACAT-1	5_1	1	30	78	1.0	0.0	0.0	0.4998657768292399	0	0	0	0	0
CTAACGAAACTTGCTG-1	0_19	1	30	94	1.0	0.0	0.0	0.4998657768292399	0	0	0	0	0
TAGATTCCTGGTTATT-1	1_0	1	32	20	1.0	0.0	0.3317822948138227	0.4897686397585069	0	0	0	0	0
GTGAGCGTGCTGCACT-1	5_0	1	33	25	1.0	0.0	0.4977921225693479	0.4891178315253595	0	0	0	0	0
TCCCTGGCTCGCTGGA-1	5_0	1	33	27	3.0	0.0	0.3291787967417162	0.4673946739362114	0	0	0	0	0
AGTACGGCCCGTATCG-1	1_0	1	35	11	1.0	0.0	0.2753650418508929	0.4897686397585069	0	0	0	0	0
AGCACTACCGGCCTGT-1	0_0	1	34	20	1.0	0.0	0.0	0.4998657768292399	0	0	0	0	0
CGGTGAAGACTAAAGT-1	5_0	1	35	23	3.0	0.0	0.3922112936032052	0.4782459676391853	0	0	0	0	0
TACTGGACAGCTCGGC-1	5_0	1	35	25	4.0	0.0	0.5	0.4565741383368484	0	0	0	0	0
TTAGTAGGGCGGCGGG-1	5_0	1	34	26	1.0	0.0	0.3486956392527298	0.4891310425977248	0	0	0	0	0
GAGGCTATCAAAGTCG-1	5_0	1	35	27	2.0	0.5	0.998253737615028	0.998769969172386	1	1	1	1	1
TTACCATTGATTACCC-1	5_0	1	34	28	1.0	0.0	0.2900089020088821	0.4891178315253595	0	0	0	0	0
ATACCACGGGCAACTT-1	5_0	1	35	29	1.0	0.0	0.5	0.4891178315253595	0	0	0	0	0
AGTGAGACTTCCAGTA-1	0_19	1	35	87	1.0	0.0	0.0	0.4998657768292399	0	0	0	0	0
TATAGGGTACTCATGA-1	5_0	1	36	20	1.0	0.0	0.3486836323605951	0.4891178315253595	0	0	0	0	0
AATATTGGAGTATTGA-1	5_0	1	36	22	2.0	0.0	0.4414671752974035	0.4782459676391853	0	0	0	0	0
AACCAAGACTTCTCTG-1	5_0	1	36	24	5.0	0.4	0.999998706133788	0.9999984158087816	2	1	1	1	1
TCGTATTACCCATTGC-1	5_0	1	37	25	2.0	0.0	0.4869112120054613	0.4782459676391853	0	0	0	0	0
ATTCGACGCCGGGCCT-1	5_0	1	36	26	1.0	0.0	0.4977921225693479	0.4891178315253595	0	0	0	0	0
GTACTCCCTTATCGCT-1	5_0	1	36	28	1.0	0.0	0.4026366429966036	0.4891178315253595	0	0	0	0	0
AATAACAACGCTCGGC-1	5_0	1	36	30	3.0	0.0	0.5	0.4673946739362114	0	0	0	0	0
CCGATTCGAGGGACCC-1	5_0	1	38	20	1.0	0.0	0.4026493592066207	0.4891310425977248	0	0	0	0	0
CCACTGGTGGCTGGTT-1	5_0	1	39	21	1.0	0.0	0.4978053396387988	0.4891310425977248	0	0	0	0	0
GACAGGCACACACTAT-1	5_0	1	38	22	2.0	0.0	0.5	0.4782459676391853	0	0	0	0	0
TCAACGCGACCGGCAG-1	5_0	1	39	23	1.0	0.0	0.4522276266325153	0.4891178315253595	0	0	0	0	0
CTACGACTAGCTATAA-1	5_0	1	38	24	9.0	0.1111111111111111	0.999526684719403	0.9983324592616531	1	1	1	1	1
ATAAATATTAGCAGCT-1	5_0	1	38	28	1.0	0.0	0.3486836323605951	0.4891178315253595	0	0	0	0	0
CATACGGCGTCTGGGC-1	3_0	1	39	63	1.0	0.0	0.0	0.4998657768292399	0	0	0	0	0
GTCGGGAACATGGTAG-1	1_0	1	40	4	1.0	0.0	0.2143387291842374	0.4897686397585069	0	0	0	0	0
CAATACGCTCTGAGGC-1	1_0	1	40	10	1.0	1.0	0.995611468258496	0.9987487989381076	1	1	1	1	1
TGGTAAGCAGGATTGA-1	1_0	1	41	11	1.0	0.0	0.2143387291842374	0.4897686397585069	0	0	0	0	0
CCGTTCCGAATCTCGG-1	5_0	1	40	22	1.0	0.0	0.4026366429966036	0.4891178315253595	0	0	0	0	0
GCTAGACCGTCTACTG-1	6_0	1	42	104	1.0	0.0	0.0	0.4998657768292399	0	0	0	0	0
AAACTTGCAAACGTAT-1	5_0	1	45	19	2.0	0.0	0.3922112936032052	0.4782459676391853	0	0	0	0	0
AGGGCGAGCAGCTGAT-1	5_0	1	44	20	2.0	0.0	0.5	0.4782459676391853	0	0	0	0	0
AACACGAGACGCGGCC-1	5_0	1	45	21	14.0	0.0714285714285714	0.99959527385027	0.9980159857269304	1	1	1	1	1
TGACGAATATTTCCCT-1	5_0	1	44	22	4.0	0.25	0.9980951753268088	0.9986582181962592	1	1	1	1	1
TCGGAGAGTATCGGGA-1	5_0	1	45	23	1.0	0.0	0.2262275906507964	0.4891178315253595	0	0	0	0	0
AGGCCCTAGAACGCCA-1	5_0	1	45	25	4.0	0.0	0.4651968182298077	0.4565741383368484	0	0	0	0	0
TCACCCTCTTAAGATT-1	3_0	1	45	59	1.0	0.0	0.0	0.4998657768292399	0	0	0	0	0
ACAGTAATACAACTTG-1	1_0	1	46	14	1.0	0.0	0.2753650418508929	0.4897686397585069	0	0	0	0	0
AGGTCAGGTGAGAGTG-1	5_0	1	46	20	1.0	0.0	0.4026366429966036	0.4891178315253595	0	0	0	0	0
TCCTCCTAAGACATTC-1	5_0	1	47	21	4.0	0.0	0.4201199957503316	0.4565741383368484	0	0	0	0	0
AGTCGGCTCAACTTTA-1	5_0	1	47	23	2.0	0.0	0.3922238967436774	0.4782591599602305	0	0	0	0	0
ACGGGAGTGTCGGCCC-1	5_0	1	47	25	6.0	0.1666666666666666	0.9996023011042507	0.9985985964359524	1	1	1	1	1
TTAACTTCAGGTAGGA-1	5_0	1	46	26	13.0	0.0769230769230769	0.9990862103507284	0.9980160904095148	1	1	1	1	1
CCACGGAGCCATAAGA-1	5_0	1	47	27	4.0	0.0	0.5	0.4565741383368484	0	0	0	0	0
GACTACAAAGCGGTGG-1	5_0	1	49	21	1.0	0.0	0.2900089020088821	0.4891178315253595	0	0	0	0	0
CAGCTGGCGTAACCGT-1	5_0	1	48	22	2.0	0.0	0.3388628102326104	0.4782459676391853	0	0	0	0	0
ACTCGTAACCCGTCCT-1	5_0	1	49	23	2.0	0.0	0.5	0.4782459676391853	0	0	0	0	0
CATATGTCAGGCTACG-1	5_0	1	48	24	4.0	0.0	0.5	0.4673946739362114	0	0	0	0	0
GCCCGACTTCTTCCCG-1	5_0	1	49	25	8.0	0.0	0.5	0.413798513608892	0	0	0	0	0
CTGGCATCCGAATGAG-1	5_0	1	48	26	11.0	0.0	0.5	0.382514024829171	0	0	0	0	0
AAGTGCGTTAGAATCT-1	5_0	1	49	27	2.0	0.0	0.5	0.4782459676391853	0	0	0	0	0
AGAAGTGATTCGTGAT-1	5_0	1	48	28	1.0	0.0	0.4026366429966036	0.4891178315253595	0	0	0	0	0
GCCCGCGCGTAAACGG-1	0_0	1	49	41	1.0	0.0	0.0	0.4998657768292399	0	0	0	0	0
AGGCATTGTCGTAGGG-1	2_0	1	49	99	1.0	0.0	0.0	0.4998657768292399	0	0	0	0	0
AATCTGGCTTTCTAGT-1	5_0	1	51	15	1.0	0.0	0.2262275906507964	0.4891178315253595	0	0	0	0	0
GGATCTTGACTCAACC-1	5_0	1	51	17	1.0	0.0	0.3486836323605951	0.4891178315253595	0	0	0	0	0
GAGTTGATGGCAATTT-1	5_0	1	51	19	2.0	0.5	0.998253737615028	0.998769969172386	1	1	1	1	1
GATGTAACGAACCACC-1	5_0	1	51	21	1.0	0.0	0.2900089020088821	0.4891178315253595	0	0	0	0	0
AGCCGTGGCTAAATGT-1	5_0	1	50	22	2.0	0.0	0.4026366429966036	0.4891178315253595	0	0	0	0	0
CTCCCTCCTTTCGATC-1	5_0	1	51	23	2.0	0.0	0.3388628102326104	0.4782459676391853	0	0	0	0	0
TTGGAAGAATACAGTC-1	5_0	1	50	24	5.0	0.0	0.5	0.4457944330285616	0	0	0	0	0
AGTTAAGTCAACCGCT-1	5_0	1	51	25	4.0	0.0	0.5	0.4565741383368484	0	0	0	0	0
CTCATGGTAATTTGCG-1	5_0	1	50	26	12.0	0.0	0.5	0.382514024829171	0	0	0	0	0
AAAGTAGCATTGCTCA-1	5_0	1	51	27	3.0	0.0	0.5	0.4673946739362114	0	0	0	0	0
TTGTGGTAGGAGGGAT-1	5_0	1	50	28	1.0	0.0	0.3486836323605951	0.4891178315253595	0	0	0	0	0
GCAGATCCATAAGACT-1	2_0	1	51	85	1.0	0.0	0.0	0.4998657768292399	0	0	0	0	0
AGATTCACAACCGATA-1	5_0	1	53	13	1.0	1.0	0.997895825951936	0.9988223085948454	1	1	1	1	1
AGAAGGTACACTTCAC-1	5_0	1	52	14	1.0	0.0	0.2900089020088821	0.4891178315253595	0	0	0	0	0
GCAGGAACTTAGATCT-1	5_0	1	53	15	1.0	0.0	0.2900089020088821	0.4891178315253595	0	0	0	0	0
CCCGGTGTATCGGAAT-1	5_0	1	53	17	2.0	0.0	0.3388628102326104	0.4782459676391853	0	0	0	0	0
TTATCCTCAAGGAATA-1	5_0	1	52	18	4.0	0.0	0.5	0.4565921200643424	0	0	0	0	0
AGCATCATTTCGAAAG-1	5_0	1	53	19	2.0	0.5	0.998253737615028	0.998769969172386	1	1	1	1	1
CGCGAGTCTGCCGGGT-1	5_0	1	52	20	1.0	0.0	0.3486836323605951	0.4891178315253595	0	0	0	0	0
TGCGTCATGACTGAGC-1	5_0	1	53	21	2.0	0.0	0.1512545588348811	0.4782459676391853	0	0	0	0	0
ACAGAACTGAGAACAA-1	5_0	1	52	24	1.0	0.0	0.3486836323605951	0.4891178315253595	0	0	0	0	0
CCTCTATCGATTAGCA-1	5_0	1	52	26	2.0	0.0	0.4026366429966036	0.4891178315253595	0	0	0	0	0
CCGCCGGAACTTCTCG-1	5_0	1	54	12	2.0	0.0	0.2811380528934374	0.4782591599602305	0	0	0	0	0
GCCATTAGCCTCAAAC-1	5_0	1	55	13	1.0	0.0	0.4026366429966036	0.4891178315253595	0	0	0	0	0
GTTAGGCTACCCGTTT-1	5_0	1	54	14	3.0	0.3333333333333333	0.9989504977332554	0.998715306652659	1	1	1	1	1
GGGTATTCTAGCAAAC-1	5_0	1	55	15	8.0	0.125	0.9995468395137984	0.9984033855435704	1	1	1	1	1
GCCCTAGCCGTCGCGA-1	5_0	1	54	16	1.0	0.0	0.4522276266325153	0.4891178315253595	0	0	0	0	0
CAGATCCTGGTTTGAA-1	5_0	1	55	17	3.0	0.0	0.5	0.4673946739362114	0	0	0	0	0
GGGCAACCGCACGTGC-1	5_0	1	55	19	5.0	0.0	0.4095651051233453	0.4458074950487423	0	0	0	0	0
TAACATACACGCGATC-1	5_0	1	55	25	1.0	0.0	0.3486836323605951	0.4891178315253595	0	0	0	0	0
CCGACGGGCATGAGGT-1	5_0	1	54	26	1.0	0.0	0.2900089020088821	0.4891178315253595	0	0	0	0	0
AATGTGCCCGAGGTGT-1	5_0	1	55	27	2.0	0.0	0.5	0.4782459676391853	0	0	0	0	0
AGCTGTAACCTCAATC-1	5_0	1	54	28	2.0	0.0	0.4414802115283051	0.4782591599602305	0	0	0	0	0
CGAGTGAAGGTACCAG-1	5_0	1	55	29	1.0	0.0	0.4522276266325153	0.4891178315253595	0	0	0	0	0
ACGAGGTTTACAACGT-1	5_0	1	57	13	2.0	0.0	0.3922285700547994	0.4782640517121225	0	0	0	0	0
AACCCATCCCATGATC-1	5_0	1	56	14	4.0	0.0	0.5	0.4565741383368484	0	0	0	0	0
TCGACAACTGAACCCG-1	5_0	1	57	15	9.0	0.1111111111111111	0.9988341356104852	0.9983324592616531	1	1	1	1	1
TATCTTGCAATACAAC-1	5_0	1	56	16	20.0	0.05	0.9996718621338704	0.9973108715403304	1	1	1	1	1
TATTATGTTTGCCTGC-1	5_0	1	57	17	20.0	0.0	0.5	0.304242642139137	0	0	0	0	0
GTCAAAGAAGTGGTGT-1	5_0	1	56	18	37.0	0.027027027027027	0.999396586165679	0.995064730775228	1	1	1	1	1
GGGACAGAGTTACTCC-1	5_0	1	57	19	2.0	0.0	0.5	0.4782459676391853	0	0	0	0	0
AGCAACCGAAAGTAAT-1	5_0	1	56	20	1.0	0.0	0.4026366429966036	0.4891178315253595	0	0	0	0	0
CTCTCTAACTGCCTAG-1	5_0	1	57	21	1.0	0.0	0.4977921225693479	0.4891178315253595	0	0	0	0	0
TCGGTCCCGACAATAG-1	5_0	1	57	23	2.0	0.0	0.4977921225693479	0.4891178315253595	0	0	0	0	0
CGCGCAAATGTCCAGA-1	5_0	1	56	24	3.0	0.0	0.3486836323605951	0.4891178315253595	0	0	0	0	0
TCTAATACTGCCTCAG-1	5_0	1	57	25	2.0	0.0	0.5	0.4782459676391853	0	0	0	0	0
CTCGGTTGTCGGCCCT-1	5_0	1	56	26	3.0	0.3333333333333333	0.998573845771324	0.998769969172386	1	1	1	1	1
GGTAACCGGGAGGATA-1	5_0	1	57	27	3.0	0.0	0.3922112936032052	0.4782459676391853	0	0	0	0	0
CAGGCGCACGGTGGTC-1	5_0	1	56	28	8.0	0.0	0.5	0.4138113381372417	0	0	0	0	0
TCATCGATGGTCCCAA-1	5_0	1	57	29	1.0	0.0	0.3486836323605951	0.4891178315253595	0	0	0	0	0
TGCTCGGCGAAACCCA-1	0_0	1	57	61	1.0	0.0	0.0	0.4998657768292399	0	0	0	0	0
GTGGAGCGTTTACCGA-1	5_0	1	58	16	3.0	0.0	0.3291787967417162	0.4673946739362114	0	0	0	0	0
AGGCGGTTTGTCCCGC-1	5_0	1	59	17	5.0	0.0	0.5	0.4457944330285616	0	0	0	0	0
TCCCTGGCGTATTAAC-1	5_0	1	58	18	3.0	0.0	0.5	0.4782459676391853	0	0	0	0	0
TGGACGCAATCCAGCC-1	5_0	1	58	20	5.0	0.0	0.5	0.4457944330285616	0	0	0	0	0
GTATCTCAGTCTTGAC-1	5_0	1	58	22	1.0	0.0	0.2900089020088821	0.4891178315253595	0	0	0	0	0
AGATGCAAGACGTGCA-1	5_0	1	58	24	3.0	0.0	0.4760426929090902	0.4673946739362114	0	0	0	0	0
AGTATGCTGGAGACCA-1	5_0	1	58	26	6.0	0.0	0.5	0.4350654773295269	0	0	0	0	0
GCGCAAATATATTCAA-1	5_0	1	58	28	1.0	0.0	0.2900089020088821	0.4891178315253595	0	0	0	0	0
GAAGAAACGATATTGT-1	5_0	1	59	29	1.0	0.0	0.4978053396387988	0.4891310425977248	0	0	0	0	0
GGACCTCTAGGCCGCC-1	5_0	1	58	30	2.0	0.0	0.5	0.4782459676391853	0	0	0	0	0
CCTGGTCGAATGTGGG-1	0_0	1	59	69	1.0	0.0	0.0	0.4998657768292399	0	0	0	0	0
CCCTCGATAATACACA-1	5_0	1	69	29	2.0	0.0	0.281127368160209	0.4782459676391853	0	0	0	0	0
ACCTACTATAAATCTA-1	0_0	1	68	58	1.0	0.0	0.0	0.4998657768292399	0	0	0	0	0
TAGACTCAGTTGGCCT-1	5_0	1	70	14	3.0	0.0	0.5	0.4673946739362114	0	0	0	0	0
CAGTGTTAATCTCTCA-1	5_0	1	70	16	2.0	0.0	0.5	0.4782459676391853	0	0	0	0	0
CAGGCCAGTACCACCT-1	5_0	1	71	17	10.0	0.0	0.5	0.4244099169484893	0	0	0	0	0
GTATCTCGGGCGCTTT-1	5_0	1	71	19	1.0	0.0	0.4026366429966036	0.4891178315253595	0	0	0	0	0
CCTGTTCAACCTCGGG-1	5_6	1	71	51	1.0	0.0	0.0	0.4998657768292399	0	0	0	0	0
ATTGTCTGTTTCATGT-1	5_6	1	71	53	1.0	0.0	0.0	0.4998657768292399	0	0	0	0	0
CTCGAGGCAAGTTTCA-1	5_0	1	72	32	2.0	0.0	0.5	0.4782723523116028	0	0	0	0	0
GCTGGGAGCGCGTCAA-1	5_0	1	73	33	1.0	0.0	0.4977921225693479	0.4891178315253595	0	0	0	0	0
