CATTATAACAGGGTCC-1	4_0	1	1	65	1.0	0.0	0.0	0.4998657768292399	0	0	0	0	0
CGTCAGTTTATCGTCT-1	4_0	1	2	60	1.0	0.0	0.0	0.4998657768292399	0	0	0	0	0
GTCAATTGTACTGAAG-1	4_0	1	5	45	1.0	0.0	0.0	0.4998657768292399	0	0	0	0	0
TCGTATTTCGTCCGGA-1	5_5	1	5	81	1.0	0.0	0.0	0.4998657768292399	0	0	0	0	0
GAGCCACGGTAGTAGG-1	4_0	1	9	47	1.0	0.0	0.0	0.4998657768292399	0	0	0	0	0
ATTCTCGTCTCTTTAG-1	1_0	1	11	51	1.0	0.0	0.3474064354889077	0.4922768050795141	0	0	0	0	0
CTATGTCTATTGAAAC-1	1_0	1	11	55	1.0	0.0	0.3474064354889077	0.4922768050795141	0	0	0	0	0
ACTGTGCTAGTAGATC-1	4_0	1	13	31	1.0	0.0	0.0	0.4998657768292399	0	0	0	0	0
TCTTACAGAGGTACCG-1	1_0	1	15	45	1.0	0.0	0.2159850801223151	0.4922768050795141	0	0	0	0	0
GTGCAACAAATGTGGC-1	1_0	1	14	62	1.0	0.0	0.3862190236183637	0.4922768050795141	0	0	0	0	0
CATGCGTTAGACAGAA-1	1_0	1	15	63	1.0	0.0	0.2159850801223151	0.4922768050795141	0	0	0	0	0
GGTGAGATGCAGATAA-1	4_0	1	16	36	1.0	0.0	0.0	0.4998657768292399	0	0	0	0	0
AGGACATCGCACGTCG-1	1_0	1	16	38	2.0	0.5	0.9918007693978792	0.9982973865149884	1	1	1	1	1
GTGGACGTGCTGAGAC-1	5_10	1	17	39	1.0	0.0	0.0	0.4998657768292399	0	0	0	0	0
GCATCCCTAACTTTGA-1	5_10	1	16	42	2.0	0.0	0.0	0.4997315536778249	0	0	0	0	0
TATATTACAAATGTCG-1	2_0	1	17	107	1.0	0.0	0.0	0.4998657768292399	0	0	0	0	0
TTGAACGAATCCTTTG-1	4_0	1	19	21	1.0	0.0	0.0	0.4998657768292399	0	0	0	0	0
TCTATCATGCAGTTAC-1	5_10	1	18	40	2.0	0.0	0.0	0.4997972587792181	0	0	0	0	0
CCCGCCATGCTCCCGT-1	1_0	1	19	41	2.0	0.5	0.9962669907572648	0.9982973865149884	1	1	1	1	1
CGCTTCCACTGAAATC-1	5_10	1	18	42	2.0	0.0	0.0	0.4997315536778249	0	0	0	0	0
CACTGTCCAAGTGAGA-1	5_10	1	19	43	4.0	0.0	0.0	0.4995288125596208	0	0	0	0	0
CATAGTAGCATAGTAG-1	1_0	1	19	45	1.0	0.0	0.4571708391970883	0.4922768050795141	0	0	0	0	0
CTCGGTCCGTAGCCTG-1	1_0	1	18	50	1.0	0.0	0.2159850801223151	0.4922768050795141	0	0	0	0	0
TAACAAAGGGAGAAGC-1	1_0	1	21	35	2.0	0.0	0.3061923146476563	0.4922768050795141	0	0	0	0	0
TTACATCGTGGCCTGG-1	1_0	1	20	36	1.0	0.0	0.3862190236183637	0.4922768050795141	0	0	0	0	0
GGCTCGTGCCACCAGC-1	1_0	1	20	38	2.0	0.0	0.2107993348301476	0.4845572946489093	0	0	0	0	0
TATAAATCCACAAGCT-1	5_10	1	20	44	1.0	0.0	0.0	0.4998657768292399	0	0	0	0	0
TTCCTCGAGGGTGTCT-1	5_10	1	21	49	1.0	0.0	0.0	0.4998657768292399	0	0	0	0	0
TGTGACTACGCCAGTC-1	0_19	1	21	73	1.0	0.0	0.0	0.4998657768292399	0	0	0	0	0
AACGCATGATCTGGGT-1	2_0	1	20	104	1.0	0.0	0.0	0.4998657768292399	0	0	0	0	0
CTAGCCGATGTTATGA-1	3_0	1	23	101	1.0	0.0	0.0	0.4998657768292399	0	0	0	0	0
TCTTACGGCATCCGAC-1	5_0	1	25	29	4.0	0.0	0.1877376634219625	0.4815094946218057	0	0	0	0	0
GAAAGTGACTAACTGC-1	1_0	1	25	31	2.0	0.0	0.2624349308820413	0.4922768050795141	0	0	0	0	0
TTACAACTACGCATCC-1	1_0	1	24	52	1.0	0.0	0.1666858070906728	0.4922768050795141	0	0	0	0	0
TTATGTTTGCGATAGA-1	4_0	1	26	20	1.0	0.0	0.0	0.4998657768292399	0	0	0	0	0
GGTTAGTTACGGCGCC-1	1_0	1	27	23	2.0	0.0	0.2108095899777032	0.4845726904907049	0	0	0	0	0
ATTCAGTAGCAGGGTC-1	1_0	1	27	25	5.0	0.0	0.2057054301148831	0.4768451461704092	0	0	0	0	0
CAGTTCCGCGGGTCGA-1	5_0	1	26	26	16.0	0.0625	0.9947736457520282	0.9964420181228584	1	1	1	1	1
AAGAGATGAATCGGTA-1	5_0	1	27	27	4.0	0.0	0.2687091689451489	0.4815094946218057	0	0	0	0	0
CGCAATTCTACAATAA-1	5_0	1	26	28	18.0	0.0	0.3151242789610483	0.4265580267519502	0	0	0	0	0
TAACGCTTTGAGAGCG-1	5_0	1	27	29	2.0	0.0	0.1639330594349481	0.4907515842069103	0	0	0	0	0
AGGCTATGGTTAGCTT-1	5_0	1	26	30	1.0	0.0	0.2251561845115957	0.4953753965125057	0	0	0	0	0
GAGGAATGGAGAGGTT-1	1_0	1	27	31	2.0	0.0	0.2996685557940367	0.4845572946489093	0	0	0	0	0
TCCTCTACGAGATGGC-1	1_0	1	26	32	1.0	0.0	0.4571861366924462	0.4922922119374109	0	0	0	0	0
TCAGTACTGACCCGCG-1	1_0	1	26	34	1.0	0.0	0.2624349308820413	0.4922768050795141	0	0	0	0	0
ATCTGGTTAAGACTGT-1	3_0	1	26	76	1.0	0.0	0.0	0.4998657768292399	0	0	0	0	0
TAATAGTGACGACCAG-1	5_1	1	27	83	2.0	0.0	0.0	0.4997315536778249	0	0	0	0	0
GATCCTAAATCGGGAC-1	5_1	1	27	95	1.0	0.0	0.0	0.4998657768292399	0	0	0	0	0
CCTCACCTTAGCATCG-1	5_1	1	27	97	1.0	0.0	0.0	0.4998657768292399	0	0	0	0	0
GGGAATTCTGTCCAGT-1	4_0	1	28	4	1.0	0.0	0.0	0.4998657768292399	0	0	0	0	0
AAGTGCAAAGGTAGAC-1	4_0	1	28	10	1.0	0.0	0.0	0.4998657768292399	0	0	0	0	0
TGATAGCGGGATTCTA-1	4_0	1	28	12	1.0	0.0	0.0	0.4998657768292399	0	0	0	0	0
TATGAAGACAGGTGCG-1	1_0	1	29	21	1.0	0.0	0.1666858070906728	0.4922768050795141	0	0	0	0	0
TACCTGCTGCACTGTG-1	1_0	1	28	22	1.0	0.0	0.2159850801223151	0.4922768050795141	0	0	0	0	0
GAAACTCGTGCGATGC-1	1_0	1	28	24	3.0	0.0	0.2506513151131584	0.4768451461704092	0	0	0	0	0
CCGCACGTGACCTCGG-1	1_0	1	28	26	1.0	0.0	0.2159850801223151	0.4922768050795141	0	0	0	0	0
AACAGGATGGGCCGCG-1	1_0	1	29	31	1.0	0.0	0.1666858070906728	0.4922768050795141	0	0	0	0	0
TTGATCTAACTTTGTC-1	1_0	1	29	47	1.0	0.0	0.1666858070906728	0.4922768050795141	0	0	0	0	0
ACAATTTGAGCAGTGG-1	5_1	1	28	82	1.0	0.0	0.0	0.4999314819425199	0	0	0	0	0
GACTCGCGGGAATGAC-1	5_1	1	28	96	1.0	0.0	0.0	0.4998657768292399	0	0	0	0	0
TCCTCTCCAGTTGTCC-1	1_0	1	30	20	1.0	0.0	0.2159850801223151	0.4922768050795141	0	0	0	0	0
TGTGTTCGTATCCAAG-1	1_0	1	31	21	1.0	0.0	0.3862190236183637	0.4922768050795141	0	0	0	0	0
TACAAGTCTCGTGCAT-1	1_0	1	31	27	1.0	0.0	0.3474064354889077	0.4922768050795141	0	0	0	0	0
TCGGAATGCGCTCTGA-1	1_0	1	30	28	3.0	0.0	0.2506513151131584	0.4768451461704092	0	0	0	0	0
GGCGTCCTATCCGCTG-1	1_0	1	31	33	1.0	0.0	0.2159850801223151	0.4922768050795141	0	0	0	0	0
ACTGTACGATACACAT-1	5_1	1	30	78	2.0	0.0	0.0	0.4997315536778249	0	0	0	0	0
CTAACGAAACTTGCTG-1	0_19	1	30	94	1.0	0.0	0.0	0.4998657768292399	0	0	0	0	0
TTAAACTCGAATTCAT-1	5_1	1	31	95	1.0	0.0	0.0	0.4998657768292399	0	0	0	0	0
ATGGCAGCCGAGAAAC-1	1_0	1	33	9	1.0	0.0	0.3474064354889077	0.4922768050795141	0	0	0	0	0
TAGATTCCTGGTTATT-1	1_0	1	32	20	1.0	0.0	0.2624349308820413	0.4922768050795141	0	0	0	0	0
GTGAGCGTGCTGCACT-1	5_0	1	33	25	2.0	0.0	0.2494668743631574	0.4907515842069103	0	0	0	0	0
TCCCTGGCTCGCTGGA-1	5_0	1	33	27	3.0	0.0	0.1614234641251699	0.4861480201765938	0	0	0	0	0
CACGAAAGTTAGTCCC-1	5_0	1	33	29	1.0	0.0	0.1355292439320611	0.4953753965125057	0	0	0	0	0
GGGCTGCCTAGGGCGA-1	0_19	1	33	69	1.0	0.0	0.0	0.4998657768292399	0	0	0	0	0
TCGGAGTACATGAGTA-1	5_1	1	32	74	1.0	0.0	0.0	0.4998657768292399	0	0	0	0	0
GTGTGAATAACTTAGG-1	0_19	1	33	83	1.0	0.0	0.0	0.4998657768292399	0	0	0	0	0
CGGCAGGGTCGGGTTG-1	5_1	1	32	94	1.0	0.0	0.0	0.4998657768292399	0	0	0	0	0
AGTACGGCCCGTATCG-1	1_0	1	35	11	1.0	0.0	0.2159850801223151	0.4922768050795141	0	0	0	0	0
AGCACTACCGGCCTGT-1	0_0	1	34	20	1.0	0.0	0.4418582909319537	0.4814619004050695	0	0	0	0	0
GACCGACTGAAGCGTC-1	5_0	1	34	22	1.0	0.0	0.1355379988250171	0.4953940757306888	0	0	0	0	0
CGGTGAAGACTAAAGT-1	5_0	1	35	23	3.0	0.0	0.1905749168665446	0.4861293537237807	0	0	0	0	0
CCCTGCGCTACGCATA-1	5_0	1	34	24	2.0	0.0	0.1934448374520291	0.4907515842069103	0	0	0	0	0
TACTGGACAGCTCGGC-1	5_0	1	35	25	9.0	0.0	0.2544197405809096	0.4630694952230739	0	0	0	0	0
TTAGTAGGGCGGCGGG-1	5_0	1	34	26	4.0	0.0	0.1589610143969986	0.4815767427368569	0	0	0	0	0
GAGGCTATCAAAGTCG-1	5_0	1	35	27	2.0	0.0	0.1934448374520291	0.4907515842069103	0	0	0	0	0
TTACCATTGATTACCC-1	5_0	1	34	28	1.0	1.0	0.9830359875075874	0.9972515957966576	1	1	1	1	1
ATACCACGGGCAACTT-1	5_0	1	35	29	5.0	0.0	0.2939779402744301	0.4815281499096271	0	0	0	0	0
AGTGAGACTTCCAGTA-1	0_19	1	35	87	1.0	0.0	0.0	0.4998657768292399	0	0	0	0	0
AGGGTGCTCTCGAGGG-1	0_19	1	34	92	1.0	0.0	0.0	0.4998657768292399	0	0	0	0	0
CAAGGTCCTATAGGCT-1	6_1	1	34	110	1.0	0.0	0.0	0.4998657768292399	0	0	0	0	0
AGAATAAATCTTCAGG-1	1_0	1	37	11	1.0	0.0	0.2159850801223151	0.4922768050795141	0	0	0	0	0
TATAGGGTACTCATGA-1	5_0	1	36	20	2.0	0.0	0.1639330594349481	0.4907515842069103	0	0	0	0	0
CCAGCTGATGGTACTT-1	5_0	1	37	21	4.0	0.0	0.3648712928898548	0.4815281499096271	0	0	0	0	0
AATATTGGAGTATTGA-1	5_0	1	36	22	2.0	0.0	0.2219452598907759	0.4907515842069103	0	0	0	0	0
GGCCCTCACCCACTTA-1	5_0	1	37	23	5.0	0.0	0.2687091689451489	0.4815094946218057	0	0	0	0	0
AACCAAGACTTCTCTG-1	5_0	1	36	24	7.0	0.0	0.2615014174054075	0.4722800401552006	0	0	0	0	0
TCGTATTACCCATTGC-1	5_0	1	37	25	7.0	0.0	0.2358841367635634	0.4722986635865556	0	0	0	0	0
ATTCGACGCCGGGCCT-1	5_0	1	36	26	3.0	0.0	0.2460193354943998	0.4861293537237807	0	0	0	0	0
GGCGCAGGACATCTTC-1	5_0	1	37	27	5.0	0.0	0.2426040398655367	0.4815094946218057	0	0	0	0	0
GTACTCCCTTATCGCT-1	5_0	1	36	28	4.0	0.0	0.1905749168665446	0.4861293537237807	0	0	0	0	0
AATAACAACGCTCGGC-1	5_0	1	36	30	9.0	0.1111111111111111	0.9948607921847856	0.9968148505300248	1	1	1	1	1
TCGGGATTCAAACATA-1	1_0	1	39	15	1.0	0.0	0.1666858070906728	0.4922768050795141	0	0	0	0	0
GGTACATCTGGGACGA-1	5_0	1	38	18	1.0	0.0	0.1355292439320611	0.4953753965125057	0	0	0	0	0
CCGATTCGAGGGACCC-1	5_0	1	38	20	4.0	0.0	0.1905864436498752	0.4861480201765938	0	0	0	0	0
CCACTGGTGGCTGGTT-1	5_0	1	39	21	2.0	0.0	0.2494808652927745	0.4907702586383293	0	0	0	0	0
GACAGGCACACACTAT-1	5_0	1	38	22	2.0	0.5	0.9937770139589132	0.9972004237103752	1	1	1	1	1
TCAACGCGACCGGCAG-1	5_0	1	39	23	2.0	0.0	0.2219452598907759	0.4907515842069103	0	0	0	0	0
CTACGACTAGCTATAA-1	5_0	1	38	24	16.0	0.0	0.3948013887824487	0.4265397490789109	0	0	0	0	0
CGGTTGACCTGGCATA-1	5_0	1	39	25	3.0	0.0	0.2723598108018927	0.4861293537237807	0	0	0	0	0
ATCCTGAATCGCTGCG-1	5_0	1	38	26	2.0	0.0	0.326487360456978	0.4907702586383293	0	0	0	0	0
ATAAATATTAGCAGCT-1	5_0	1	38	28	2.0	0.0	0.1639330594349481	0.4907515842069103	0	0	0	0	0
CATACGGCGTCTGGGC-1	3_0	1	39	63	1.0	0.0	0.0	0.4998657768292399	0	0	0	0	0
GTCGGGAACATGGTAG-1	1_0	1	40	4	1.0	0.0	0.1666858070906728	0.4922768050795141	0	0	0	0	0
GCAAATGAGGACACTT-1	1_0	1	41	5	1.0	0.0	0.2160018314274458	0.492301529440617	0	0	0	0	0
CAATACGCTCTGAGGC-1	1_0	1	40	10	1.0	0.0	0.1666858070906728	0.4922768050795141	0	0	0	0	0
TGGTAAGCAGGATTGA-1	1_0	1	41	11	1.0	0.0	0.1666858070906728	0.4922768050795141	0	0	0	0	0
AGACCGGGAAACCCTG-1	1_0	1	41	17	1.0	0.0	0.1666858070906728	0.4922768050795141	0	0	0	0	0
CCCTGCCCAATCCGCT-1	1_0	1	41	19	1.0	0.0	0.1666858070906728	0.4922768050795141	0	0	0	0	0
CCGTTCCGAATCTCGG-1	5_0	1	40	22	1.0	0.0	0.1963474930720032	0.4953753965125057	0	0	0	0	0
CTCAGATTGTGATAAG-1	1_0	1	43	5	1.0	0.0	0.1666858070906728	0.4922768050795141	0	0	0	0	0
CTTATGCGCTCAGGGC-1	1_0	1	43	11	1.0	0.0	0.1143721339206999	0.4922768050795141	0	0	0	0	0
TGCAGATCGTCCTAGG-1	1_0	1	42	18	1.0	0.0	0.1666858070906728	0.4922768050795141	0	0	0	0	0
TGCCAAAGTCAGACTT-1	1_0	1	43	19	1.0	0.0	0.1666858070906728	0.4922768050795141	0	0	0	0	0
TTGACTACCATATGGT-1	0_0	1	43	41	1.0	0.0	0.251099663756793	0.4814619004050695	0	0	0	0	0
GGCGAAATCTAACTTG-1	6_0	1	43	87	1.0	0.0	0.0	0.4998657768292399	0	0	0	0	0
GCTAGACCGTCTACTG-1	6_0	1	42	104	1.0	0.0	0.0	0.4998657768292399	0	0	0	0	0
ACGTCTCGTTCCGGGA-1	1_0	1	44	6	1.0	0.0	0.1143721339206999	0.4922768050795141	0	0	0	0	0
AAACTTGCAAACGTAT-1	5_0	1	45	19	6.0	0.0	0.1849442632176384	0.4769114357828956	0	0	0	0	0
AGGGCGAGCAGCTGAT-1	5_0	1	44	20	7.0	0.1428571428571428	0.9922785201248912	0.9969305527807166	1	1	1	1	1
AACACGAGACGCGGCC-1	5_0	1	45	21	26.0	0.0384615384615384	0.9961731544585332	0.995800970077136	1	1	1	1	1
TGACGAATATTTCCCT-1	5_0	1	44	22	3.0	0.0	0.1905749168665446	0.4861293537237807	0	0	0	0	0
TCGGAGAGTATCGGGA-1	5_0	1	45	23	2.0	0.0	0.1017406637921468	0.4907515842069103	0	0	0	0	0
AGGCCCTAGAACGCCA-1	5_0	1	45	25	4.0	0.0	0.2426040398655367	0.4815094946218057	0	0	0	0	0
TCACCCTCTTAAGATT-1	3_0	1	45	59	1.0	0.0	0.0	0.4998657768292399	0	0	0	0	0
CTTTAGTGCTATTATT-1	3_0	1	44	64	1.0	0.0	0.0	0.4998657768292399	0	0	0	0	0
TATAGCGCACGTTATC-1	1_0	1	47	7	2.0	0.0	0.1112798080133322	0.4845572946489093	0	0	0	0	0
GCCAAGAATACTTCTG-1	1_0	1	46	10	1.0	0.0	0.1143721339206999	0.4922768050795141	0	0	0	0	0
ACAGTAATACAACTTG-1	1_0	1	46	14	2.0	0.0	0.2107993348301476	0.4845572946489093	0	0	0	0	0
AGGTCAGGTGAGAGTG-1	5_0	1	46	20	1.0	0.0	0.1963474930720032	0.4953753965125057	0	0	0	0	0
TCCTCCTAAGACATTC-1	5_0	1	47	21	11.0	0.0	0.1945273338929649	0.4493027276515215	0	0	0	0	0
ATGTGAAAGCCTAATG-1	5_0	1	46	22	2.0	0.0	0.1639330594349481	0.4907515842069103	0	0	0	0	0
AGTCGGCTCAACTTTA-1	5_0	1	47	23	5.0	0.0	0.1849442632176384	0.4769114357828956	0	0	0	0	0
CGATCTGTTGGAGGAC-1	5_0	1	46	24	3.0	0.0	0.1905749168665446	0.4861293537237807	0	0	0	0	0
ACGGGAGTGTCGGCCC-1	5_0	1	47	25	20.0	0.0	0.3816481520324146	0.4130507932787641	0	0	0	0	0
TTAACTTCAGGTAGGA-1	5_0	1	46	26	17.0	0.0	0.3151662870579659	0.4266056366825838	0	0	0	0	0
CCACGGAGCCATAAGA-1	5_0	1	47	27	10.0	0.0	0.3652413080384611	0.4584732609667413	0	0	0	0	0
CTTCTATGTTGAAGTA-1	5_0	1	46	28	1.0	0.0	0.1034437716933343	0.4953753965125057	0	0	0	0	0
CACCGTTGCGCGATAT-1	5_0	1	47	29	2.0	0.0	0.1017406637921468	0.4907515842069103	0	0	0	0	0
AGTTTGGCCAGACCTA-1	0_0	1	47	31	1.0	0.0	0.251099663756793	0.4814619004050695	0	0	0	0	0
GACTACAAAGCGGTGG-1	5_0	1	49	21	2.0	0.0	0.1333764643198909	0.4907515842069103	0	0	0	0	0
CAGCTGGCGTAACCGT-1	5_0	1	48	22	4.0	0.0	0.1589250063846193	0.4815094946218057	0	0	0	0	0
ACTCGTAACCCGTCCT-1	5_0	1	49	23	10.0	0.0	0.2986765207539694	0.4584918129761507	0	0	0	0	0
CATATGTCAGGCTACG-1	5_0	1	48	24	12.0	0.0	0.3095418612906528	0.4447484100903941	0	0	0	0	0
GCCCGACTTCTTCCCG-1	5_0	1	49	25	22.0	0.0	0.422189829030187	0.3996372698480957	0	0	0	0	0
CTGGCATCCGAATGAG-1	5_0	1	48	26	24.0	0.0	0.4302688321031317	0.3908898602706121	0	0	0	0	0
AAGTGCGTTAGAATCT-1	5_0	1	49	27	6.0	0.0	0.4443106325842461	0.4768927948388237	0	0	0	0	0
AGAAGTGATTCGTGAT-1	5_0	1	48	28	5.0	0.0	0.1877568874252043	0.4815409667191709	0	0	0	0	0
TACCTTAAGATTTCCC-1	5_0	1	49	29	2.0	0.0	0.1333764643198909	0.4907515842069103	0	0	0	0	0
AATGACAGCAATGTCT-1	0_0	1	48	30	2.0	0.0	0.3363809138203186	0.46297469744038	0	0	0	0	0
ATCAAACGAAGGTTTG-1	0_0	1	49	33	1.0	0.0	0.251099663756793	0.4814619004050695	0	0	0	0	0
GCCCGCGCGTAAACGG-1	0_0	1	49	41	1.0	0.0	0.3531371636814286	0.4814619004050695	0	0	0	0	0
AATAGAATCTGTTTCA-1	2_0	1	48	86	1.0	0.0	0.0	0.4998657768292399	0	0	0	0	0
AGGCATTGTCGTAGGG-1	2_0	1	49	99	1.0	0.0	0.0	0.4998657768292399	0	0	0	0	0
CTGGACGCAGTCCGGC-1	5_0	1	51	13	1.0	0.0	0.0701880455545174	0.4953753965125057	0	0	0	0	0
AATCTGGCTTTCTAGT-1	5_0	1	51	15	1.0	0.0	0.1034437716933343	0.4953753965125057	0	0	0	0	0
GGATCTTGACTCAACC-1	5_0	1	51	17	3.0	0.0	0.1614133494003323	0.4861293537237807	0	0	0	0	0
GAGTTGATGGCAATTT-1	5_0	1	51	19	2.0	0.0	0.1934448374520291	0.4907515842069103	0	0	0	0	0
GTGGCAAACAGCGGCA-1	5_0	1	50	20	1.0	0.0	0.0701880455545174	0.4953753965125057	0	0	0	0	0
GATGTAACGAACCACC-1	5_0	1	51	21	1.0	0.0	0.1355292439320611	0.4953753965125057	0	0	0	0	0
AGCCGTGGCTAAATGT-1	5_0	1	50	22	8.0	0.0	0.1767136356184705	0.4630694952230739	0	0	0	0	0
CTCCCTCCTTTCGATC-1	5_0	1	51	23	3.0	0.0	0.1614133494003323	0.4861293537237807	0	0	0	0	0
TTGGAAGAATACAGTC-1	5_0	1	50	24	27.0	0.0	0.347436650394054	0.3777439505859439	0	0	0	0	0
AGTTAAGTCAACCGCT-1	5_0	1	51	25	7.0	0.0	0.2579447243980999	0.4676720136603377	0	0	0	0	0
CTCATGGTAATTTGCG-1	5_0	1	50	26	37.0	0.0	0.4166390118362489	0.3326713199525579	0	0	0	0	0
AAAGTAGCATTGCTCA-1	5_0	1	51	27	12.0	0.0833333333333333	0.9934505346765042	0.9966949502279664	1	1	1	1	1
TTGTGGTAGGAGGGAT-1	5_0	1	50	28	2.0	0.0	0.1639330594349481	0.4907515842069103	0	0	0	0	0
GCTGCTACTGCGTAGC-1	2_0	1	51	75	1.0	0.0	0.0	0.4998657768292399	0	0	0	0	0
GCAGATCCATAAGACT-1	2_0	1	51	85	1.0	0.0	0.0	0.4998657768292399	0	0	0	0	0
CCCAGTAAACTTGGGA-1	5_0	1	52	12	1.0	0.0	0.1034437716933343	0.4953753965125057	0	0	0	0	0
AGATTCACAACCGATA-1	5_0	1	53	13	2.0	0.0	0.1664842940383845	0.4953753965125057	0	0	0	0	0
AGAAGGTACACTTCAC-1	5_0	1	52	14	1.0	0.0	0.1355292439320611	0.4953753965125057	0	0	0	0	0
GCAGGAACTTAGATCT-1	5_0	1	53	15	2.0	0.0	0.1333764643198909	0.4907515842069103	0	0	0	0	0
AATCTAGGTTTACTTG-1	5_0	1	52	16	3.0	0.0	0.1333764643198909	0.4907515842069103	0	0	0	0	0
CCCGGTGTATCGGAAT-1	5_0	1	53	17	4.0	0.0	0.1589250063846193	0.4815094946218057	0	0	0	0	0
TTATCCTCAAGGAATA-1	5_0	1	52	18	12.0	0.0	0.3731053762507774	0.4447552523896901	0	0	0	0	0
AGCATCATTTCGAAAG-1	5_0	1	53	19	5.0	0.0	0.1849329997104715	0.4768927948388237	0	0	0	0	0
CGCGAGTCTGCCGGGT-1	5_0	1	52	20	3.0	0.0	0.1639330594349481	0.4907515842069103	0	0	0	0	0
TGCGTCATGACTGAGC-1	5_0	1	53	21	2.0	0.0	0.0689903307503408	0.4907515842069103	0	0	0	0	0
GTATGAAATTTCACTC-1	5_0	1	52	22	1.0	1.0	0.977088735080013	0.9972515957966576	1	1	1	1	1
ACAGAACTGAGAACAA-1	5_0	1	52	24	1.0	0.0	0.1664842940383845	0.4953753965125057	0	0	0	0	0
CCTCTATCGATTAGCA-1	5_0	1	52	26	1.0	0.0	0.1963474930720032	0.4953753965125057	0	0	0	0	0
CCGCCGGAACTTCTCG-1	5_0	1	54	12	1.0	0.0	0.1355292439320611	0.4953753965125057	0	0	0	0	0
GCCATTAGCCTCAAAC-1	5_0	1	55	13	2.0	0.0	0.1934448374520291	0.4907515842069103	0	0	0	0	0
GTTAGGCTACCCGTTT-1	5_0	1	54	14	3.0	0.0	0.2760413282528123	0.4907515842069103	0	0	0	0	0
GGGTATTCTAGCAAAC-1	5_0	1	55	15	22.0	0.0	0.3686313599180157	0.3996551981292793	0	0	0	0	0
GCCCTAGCCGTCGCGA-1	5_0	1	54	16	3.0	0.3333333333333333	0.9904310477183808	0.9971483015839118	1	1	1	1	1
CAGATCCTGGTTTGAA-1	5_0	1	55	17	9.0	0.0	0.3064678041549978	0.4676720136603377	0	0	0	0	0
CTTCAGTGGTCGCCTA-1	5_0	1	54	18	2.0	0.0	0.1034437716933343	0.4953753965125057	0	0	0	0	0
GGGCAACCGCACGTGC-1	5_0	1	55	19	8.0	0.0	0.2063963032237342	0.4676906164219461	0	0	0	0	0
GAGGCCCGACTCCGCA-1	5_0	1	55	23	1.0	0.0	0.0701880455545174	0.4953753965125057	0	0	0	0	0
TAACATACACGCGATC-1	5_0	1	55	25	2.0	0.0	0.1639330594349481	0.4907515842069103	0	0	0	0	0
CCGACGGGCATGAGGT-1	5_0	1	54	26	1.0	0.0	0.1355292439320611	0.4953753965125057	0	0	0	0	0
AATGTGCCCGAGGTGT-1	5_0	1	55	27	6.0	0.0	0.2863425308110678	0.4722800401552006	0	0	0	0	0
AGCTGTAACCTCAATC-1	5_0	1	54	28	3.0	0.0	0.221958163783422	0.4907702586383293	0	0	0	0	0
CGAGTGAAGGTACCAG-1	5_0	1	55	29	5.0	0.0	0.212509781500733	0.4768927948388237	0	0	0	0	0
ACGAGGTTTACAACGT-1	5_0	1	57	13	11.0	0.0909090909090909	0.9868528201934132	0.9966952876305724	1	1	1	1	1
AACCCATCCCATGATC-1	5_0	1	56	14	16.0	0.0	0.3016906822293673	0.4356315607291986	0	0	0	0	0
TCGACAACTGAACCCG-1	5_0	1	57	15	21.0	0.0	0.2398274257102166	0.4130417137986052	0	0	0	0	0
TATCTTGCAATACAAC-1	5_0	1	56	16	78.0	0.0256410256410256	0.999981824193822	0.9999722917629592	2	1	1	1	1
TATTATGTTTGCCTGC-1	5_0	1	57	17	46.0	0.0	0.3667320758045941	0.3150630056245122	0	0	0	0	0
GTCAAAGAAGTGGTGT-1	5_0	1	56	18	79.0	0.0379746835443038	0.9999999480089958	0.9999999207411904	3	1	1	1	1
GGGACAGAGTTACTCC-1	5_0	1	57	19	6.0	0.0	0.2863425308110678	0.4722800401552006	0	0	0	0	0
AGCAACCGAAAGTAAT-1	5_0	1	56	20	5.0	0.0	0.1849623395748159	0.4769413501967628	0	0	0	0	0
CTCTCTAACTGCCTAG-1	5_0	1	57	21	5.0	0.0	0.2392211134070235	0.4768927948388237	0	0	0	0	0
ATACGGAACGTCGTTT-1	5_0	1	56	22	3.0	0.0	0.1312526881122561	0.4861293537237807	0	0	0	0	0
TCGGTCCCGACAATAG-1	5_0	1	57	23	3.0	0.0	0.2460193354943998	0.4861293537237807	0	0	0	0	0
CGCGCAAATGTCCAGA-1	5_0	1	56	24	4.0	0.0	0.1614234641251699	0.4861480201765938	0	0	0	0	0
TCTAATACTGCCTCAG-1	5_0	1	57	25	4.0	0.25	0.9942414446646524	0.9970952118815912	1	1	1	1	1
CTCGGTTGTCGGCCCT-1	5_0	1	56	26	7.0	0.1428571428571428	0.9897036976172736	0.9969299571311544	1	1	1	1	1
GGTAACCGGGAGGATA-1	5_0	1	57	27	2.0	0.0	0.1934448374520291	0.4907515842069103	0	0	0	0	0
CAGGCGCACGGTGGTC-1	5_0	1	56	28	15.0	0.0	0.3887551811858143	0.440203355131386	0	0	0	0	0
CAAAGATTATTGGGCC-1	5_0	1	56	30	1.0	0.0	0.1034437716933343	0.4953753965125057	0	0	0	0	0
TGCTCGGCGAAACCCA-1	0_0	1	57	61	1.0	0.0	0.251099663756793	0.4814619004050695	0	0	0	0	0
CATGGGTATGCCTTAT-1	2_0	1	56	82	1.0	0.0	0.0	0.4998657768292399	0	0	0	0	0
GTGGAGCGTTTACCGA-1	5_0	1	58	16	7.0	0.0	0.1516465049323391	0.4676720136603377	0	0	0	0	0
AGGCGGTTTGTCCCGC-1	5_0	1	59	17	17.0	0.0	0.3358001085780256	0.4265671874213223	0	0	0	0	0
TCCCTGGCGTATTAAC-1	5_0	1	58	18	8.0	0.0	0.2788571669301226	0.4630880741719744	0	0	0	0	0
AAACACCAATAACTGC-1	5_0	1	59	19	1.0	0.0	0.1664842940383845	0.4953753965125057	0	0	0	0	0
TGGACGCAATCCAGCC-1	5_0	1	58	20	14.0	0.0	0.2871677325104129	0.4447299574672325	0	0	0	0	0
GTATCTCAGTCTTGAC-1	5_0	1	58	22	3.0	0.0	0.1312526881122561	0.4861293537237807	0	0	0	0	0
AGATGCAAGACGTGCA-1	5_0	1	58	24	7.0	0.0	0.2325528051770099	0.4676720136603377	0	0	0	0	0
AGTATGCTGGAGACCA-1	5_0	1	58	26	22.0	0.0	0.3194772868202601	0.4085461371077102	0	0	0	0	0
GCGCAAATATATTCAA-1	5_0	1	58	28	3.0	0.0	0.1312526881122561	0.4861293537237807	0	0	0	0	0
GAAGAAACGATATTGT-1	5_0	1	59	29	3.0	0.0	0.2460331964567154	0.4861480201765938	0	0	0	0	0
GGACCTCTAGGCCGCC-1	5_0	1	58	30	4.0	0.0	0.3420110254957201	0.4815094946218057	0	0	0	0	0
CTACAAGAAATAACCC-1	0_0	1	58	40	1.0	0.0	0.251099663756793	0.4814619004050695	0	0	0	0	0
CCTGGTCGAATGTGGG-1	0_0	1	59	69	1.0	0.0	0.251099663756793	0.4814619004050695	0	0	0	0	0
TGCGACGGCCGAACGT-1	0_0	1	60	32	1.0	0.0	0.251099663756793	0.4814619004050695	0	0	0	0	0
CGTTCAGACCCGCGAA-1	5_6	1	65	61	1.0	0.0	0.5	0.4615286000733442	0	0	0	0	0
GAACAACTGGGATGAA-1	0_0	1	67	85	1.0	0.0	0.1340115160703348	0.4814619004050695	0	0	0	0	0
CCCTCGATAATACACA-1	5_0	1	69	29	3.0	0.0	0.1333764643198909	0.4907515842069103	0	0	0	0	0
CAAGTAAGTGATAGAC-1	5_6	1	69	53	1.0	0.0	0.5	0.4615286000733442	0	0	0	0	0
ACCTACTATAAATCTA-1	0_0	1	68	58	1.0	1.0	0.9988081973836948	0.9992989199252882	1	1	1	1	1
GCTGAAGGGTTCTTGG-1	5_0	1	70	4	1.0	0.0	0.1355379988250171	0.4953940757306888	0	0	0	0	0
TAGACTCAGTTGGCCT-1	5_0	1	70	14	11.0	0.0	0.3134933443261098	0.4493027276515215	0	0	0	0	0
CAGTGTTAATCTCTCA-1	5_0	1	70	16	5.0	0.0	0.3605779265789884	0.4768927948388237	0	0	0	0	0
CAGGCCAGTACCACCT-1	5_0	1	71	17	31.0	0.064516129032258	0.9999906903631104	0.999987485915846	2	1	1	1	1
GTATCTCGGGCGCTTT-1	5_0	1	71	19	1.0	0.0	0.1963474930720032	0.4953753965125057	0	0	0	0	0
ACTACAAAGAGAGGTG-1	5_6	1	71	49	3.0	0.3333333333333333	0.9999757132221028	0.9995227128380392	1	1	1	1	1
CCTGTTCAACCTCGGG-1	5_6	1	71	51	1.0	0.0	0.5	0.4615286000733442	0	0	0	0	0
ATTGTCTGTTTCATGT-1	5_6	1	71	53	1.0	0.0	0.5	0.4615286000733442	0	0	0	0	0
CTCGAGGCAAGTTTCA-1	5_0	1	72	32	6.0	0.0	0.360612383899009	0.4769300767912883	0	0	0	0	0
GCTGGGAGCGCGTCAA-1	5_0	1	73	33	4.0	0.0	0.2460193354943998	0.4861293537237807	0	0	0	0	0
GTCGGGTGAAGTACCG-1	0_0	1	72	116	1.0	0.0	0.3531371636814286	0.4814619004050695	0	0	0	0	0
