CATTATAACAGGGTCC-1	4_0	1	1	65	1.0	0.0	0.0	0.4998657768292399	0	0	0	0	0
GAGCCACGGTAGTAGG-1	4_0	1	9	47	1.0	0.0	0.0	0.4998657768292399	0	0	0	0	0
TGCGAGCCCTTCCGCG-1	6_2	1	12	102	1.0	0.0	0.0	0.4998657768292399	0	0	0	0	0
GTGCAACAAATGTGGC-1	1_0	1	14	62	1.0	0.0	0.5	0.4782433878336197	0	0	0	0	0
CATGCGTTAGACAGAA-1	1_0	1	15	63	1.0	0.0	0.4959840990521794	0.4782433878336197	0	0	0	0	0
AGGACATCGCACGTCG-1	1_0	1	16	38	1.0	0.0	0.4002230865255378	0.4782433878336197	0	0	0	0	0
TTGAACGAATCCTTTG-1	4_0	1	19	21	1.0	0.0	0.0	0.4998657768292399	0	0	0	0	0
TCTATCATGCAGTTAC-1	5_10	1	18	40	1.0	0.0	0.0	0.4998657768292399	0	0	0	0	0
CACTGTCCAAGTGAGA-1	5_10	1	19	43	1.0	0.0	0.0	0.4998657768292399	0	0	0	0	0
CATAGTAGCATAGTAG-1	1_0	1	19	45	1.0	0.0	0.5	0.4782433878336197	0	0	0	0	0
GGCTCGTGCCACCAGC-1	1_0	1	20	38	1.0	0.0	0.4959840990521794	0.4782433878336197	0	0	0	0	0
TATAAATCCACAAGCT-1	5_10	1	20	44	1.0	0.0	0.0	0.4998657768292399	0	0	0	0	0
AACGCATGATCTGGGT-1	2_0	1	20	104	1.0	0.0	0.0	0.4998657768292399	0	0	0	0	0
CTAGCCGATGTTATGA-1	3_0	1	23	101	1.0	0.0	0.0	0.4998657768292399	0	0	0	0	0
TCTTACGGCATCCGAC-1	5_0	1	25	29	1.0	0.0	0.1433898981108331	0.4967156283871815	0	0	0	0	0
ATTCAGTAGCAGGGTC-1	1_0	1	27	25	2.0	0.0	0.4742364909642069	0.4565690079376574	0	0	0	0	0
CAGTTCCGCGGGTCGA-1	5_0	1	26	26	4.0	0.0	0.2951405646855028	0.4868653471463742	0	0	0	0	0
CGCAATTCTACAATAA-1	5_0	1	26	28	6.0	0.0	0.2745590508168988	0.4835838082512566	0	0	0	0	0
TAACGCTTTGAGAGCG-1	5_0	1	27	29	1.0	0.0	0.1209882441692974	0.4967156283871815	0	0	0	0	0
GAGGAATGGAGAGGTT-1	1_0	1	27	31	1.0	0.0	0.5	0.4782433878336197	0	0	0	0	0
TCCTCTACGAGATGGC-1	1_0	1	26	32	1.0	0.0	0.5	0.4782521078595086	0	0	0	0	0
TCAGTACTGACCCGCG-1	1_0	1	26	34	1.0	1.0	0.9995961153993548	0.9993990090015742	1	1	1	1	1
TAATAGTGACGACCAG-1	5_1	1	27	83	1.0	0.0	0.0	0.4998657768292399	0	0	0	0	0
CCTCACCTTAGCATCG-1	5_1	1	27	97	1.0	0.0	0.0	0.4998657768292399	0	0	0	0	0
GAAACTCGTGCGATGC-1	1_0	1	28	24	1.0	0.0	0.5	0.4782433878336197	0	0	0	0	0
CCGCACGTGACCTCGG-1	1_0	1	28	26	1.0	0.0	0.4959840990521794	0.4782433878336197	0	0	0	0	0
TTGATCTAACTTTGTC-1	1_0	1	29	47	1.0	0.0	0.4002230865255378	0.4782433878336197	0	0	0	0	0
ACAATTTGAGCAGTGG-1	5_1	1	28	82	1.0	0.0	0.0	0.4999314819425199	0	0	0	0	0
AGGGAGACATACTTCG-1	6_1	1	29	113	1.0	0.0	0.0	0.4998657768292399	0	0	0	0	0
TCCTCTCCAGTTGTCC-1	1_0	1	30	20	1.0	0.0	0.4959840990521794	0.4782433878336197	0	0	0	0	0
TGTGTTCGTATCCAAG-1	1_0	1	31	21	1.0	1.0	0.9998177950947768	0.9993990090015742	1	1	1	1	1
TCGGAATGCGCTCTGA-1	1_0	1	30	28	1.0	0.0	0.5	0.4782433878336197	0	0	0	0	0
ACTGTACGATACACAT-1	5_1	1	30	78	1.0	0.0	0.0	0.4998657768292399	0	0	0	0	0
CTAACGAAACTTGCTG-1	0_19	1	30	94	1.0	0.0	0.0	0.4998657768292399	0	0	0	0	0
TAGATTCCTGGTTATT-1	1_0	1	32	20	1.0	0.0	0.5	0.4782433878336197	0	0	0	0	0
TCCCTGGCTCGCTGGA-1	5_0	1	33	27	3.0	0.0	0.1182215698334028	0.4901480187375228	0	0	0	0	0
AGTACGGCCCGTATCG-1	1_0	1	35	11	1.0	0.0	0.4959840990521794	0.4782433878336197	0	0	0	0	0
AGCACTACCGGCCTGT-1	0_0	1	34	20	1.0	0.0	0.0	0.4998657768292399	0	0	0	0	0
CGGTGAAGACTAAAGT-1	5_0	1	35	23	3.0	0.0	0.1417837554120822	0.4934315401928126	0	0	0	0	0
TACTGGACAGCTCGGC-1	5_0	1	35	25	4.0	0.0	0.2008614337513131	0.4868653471463742	0	0	0	0	0
TTAGTAGGGCGGCGGG-1	5_0	1	34	26	1.0	0.0	0.1209971208024249	0.4967364933715186	0	0	0	0	0
GAGGCTATCAAAGTCG-1	5_0	1	35	27	2.0	0.0	0.1417837554120822	0.4934315401928126	0	0	0	0	0
TTACCATTGATTACCC-1	5_0	1	34	28	1.0	0.0	0.0980077277820136	0.4967156283871815	0	0	0	0	0
ATACCACGGGCAACTT-1	5_0	1	35	29	1.0	0.0	0.2274878761197851	0.4967156283871815	0	0	0	0	0
AGTGAGACTTCCAGTA-1	0_19	1	35	87	1.0	0.0	0.0	0.4998657768292399	0	0	0	0	0
AGGGTGCTCTCGAGGG-1	0_19	1	34	92	1.0	0.0	0.0	0.4998657768292399	0	0	0	0	0
TATAGGGTACTCATGA-1	5_0	1	36	20	1.0	0.0	0.1209882441692974	0.4967156283871815	0	0	0	0	0
AATATTGGAGTATTGA-1	5_0	1	36	22	2.0	0.0	0.1634228576989235	0.4934315401928126	0	0	0	0	0
AACCAAGACTTCTCTG-1	5_0	1	36	24	5.0	0.0	0.1987609103310898	0.4835838082512566	0	0	0	0	0
TCGTATTACCCATTGC-1	5_0	1	37	25	2.0	0.5	0.9833235182111928	0.9960756725394512	1	1	1	1	1
ATTCGACGCCGGGCCT-1	5_0	1	36	26	1.0	0.0	0.1865132754136803	0.4967156283871815	0	0	0	0	0
GTACTCCCTTATCGCT-1	5_0	1	36	28	1.0	0.0	0.1433898981108331	0.4967156283871815	0	0	0	0	0
AATAACAACGCTCGGC-1	5_0	1	36	30	3.0	0.0	0.2798233605172628	0.4901480187375228	0	0	0	0	0
CCGATTCGAGGGACCC-1	5_0	1	38	20	1.0	0.0	0.1434001501757885	0.4967364933715186	0	0	0	0	0
CCACTGGTGGCTGGTT-1	5_0	1	39	21	1.0	0.0	0.1865259393365595	0.4967364933715186	0	0	0	0	0
GACAGGCACACACTAT-1	5_0	1	38	22	2.0	0.0	0.2251873678987957	0.4934315401928126	0	0	0	0	0
TCAACGCGACCGGCAG-1	5_0	1	39	23	1.0	0.0	0.1652269372661986	0.4967156283871815	0	0	0	0	0
CTACGACTAGCTATAA-1	5_0	1	38	24	8.0	0.0	0.3376012455270361	0.4770252578267581	0	0	0	0	0
CGGTTGACCTGGCATA-1	5_0	1	39	25	1.0	0.0	0.2072624994218097	0.4967156283871815	0	0	0	0	0
ATAAATATTAGCAGCT-1	5_0	1	38	28	1.0	0.0	0.1209882441692974	0.4967156283871815	0	0	0	0	0
CATACGGCGTCTGGGC-1	3_0	1	39	63	1.0	0.0	0.0	0.4998657768292399	0	0	0	0	0
GTCGGGAACATGGTAG-1	1_0	1	40	4	1.0	0.0	0.4002230865255378	0.4782433878336197	0	0	0	0	0
CAATACGCTCTGAGGC-1	1_0	1	40	10	1.0	0.0	0.4002230865255378	0.4782433878336197	0	0	0	0	0
TGGTAAGCAGGATTGA-1	1_0	1	41	11	1.0	0.0	0.4002230865255378	0.4782433878336197	0	0	0	0	0
CCGTTCCGAATCTCGG-1	5_0	1	40	22	1.0	0.0	0.1433898981108331	0.4967156283871815	0	0	0	0	0
CTTATGCGCTCAGGGC-1	1_0	1	43	11	1.0	0.0	0.2873965779875957	0.4782433878336197	0	0	0	0	0
GCTAGACCGTCTACTG-1	6_0	1	42	104	1.0	0.0	0.0	0.4998657768292399	0	0	0	0	0
AAACTTGCAAACGTAT-1	5_0	1	45	19	2.0	0.0	0.1417837554120822	0.4934315401928126	0	0	0	0	0
AGGGCGAGCAGCTGAT-1	5_0	1	44	20	2.0	0.0	0.2051122175483715	0.4934315401928126	0	0	0	0	0
AACACGAGACGCGGCC-1	5_0	1	45	21	13.0	0.0	0.3663475368749999	0.4574267549440612	0	0	0	0	0
TGACGAATATTTCCCT-1	5_0	1	44	22	4.0	0.0	0.1386165341595027	0.4868653471463742	0	0	0	0	0
TCGGAGAGTATCGGGA-1	5_0	1	45	23	1.0	0.0	0.0744337603367206	0.4967156283871815	0	0	0	0	0
AGGCCCTAGAACGCCA-1	5_0	1	45	25	4.0	0.0	0.1806070306101369	0.4868653471463742	0	0	0	0	0
TCACCCTCTTAAGATT-1	3_0	1	45	59	1.0	0.0	0.0	0.4998657768292399	0	0	0	0	0
ACAGTAATACAACTTG-1	1_0	1	46	14	1.0	0.0	0.4959840990521794	0.4782433878336197	0	0	0	0	0
AGGTCAGGTGAGAGTG-1	5_0	1	46	20	1.0	0.0	0.1433898981108331	0.4967156283871815	0	0	0	0	0
TCCTCCTAAGACATTC-1	5_0	1	47	21	4.0	0.0	0.1598622947100012	0.4868653471463742	0	0	0	0	0
AGTCGGCTCAACTTTA-1	5_0	1	47	23	2.0	0.0	0.1417939116499896	0.493452402482191	0	0	0	0	0
ACGGGAGTGTCGGCCC-1	5_0	1	47	25	6.0	0.0	0.3435019534022012	0.4835838082512566	0	0	0	0	0
TTAACTTCAGGTAGGA-1	5_0	1	46	26	13.0	0.0769230769230769	0.9888638028209272	0.9954690424998875	1	1	1	1	1
CCACGGAGCCATAAGA-1	5_0	1	47	27	4.0	0.0	0.2951405646855028	0.4868653471463742	0	0	0	0	0
CAGCTGGCGTAACCGT-1	5_0	1	48	22	2.0	0.0	0.1195979937376052	0.4934315401928126	0	0	0	0	0
ACTCGTAACCCGTCCT-1	5_0	1	49	23	2.0	0.0	0.2447656527730583	0.4934315401928126	0	0	0	0	0
CATATGTCAGGCTACG-1	5_0	1	48	24	4.0	0.0	0.2587869698795874	0.4868653471463742	0	0	0	0	0
GCCCGACTTCTTCCCG-1	5_0	1	49	25	7.0	0.0	0.3848113835977192	0.4770252578267581	0	0	0	0	0
CTGGCATCCGAATGAG-1	5_0	1	48	26	9.0	0.0	0.3935423943918087	0.4704746205626037	0	0	0	0	0
AAGTGCGTTAGAATCT-1	5_0	1	49	27	2.0	0.0	0.3524439174534572	0.4934315401928126	0	0	0	0	0
GCCCGCGCGTAAACGG-1	0_0	1	49	41	1.0	0.0	0.0	0.4998657768292399	0	0	0	0	0
AGGCATTGTCGTAGGG-1	2_0	1	49	99	1.0	0.0	0.0	0.4998657768292399	0	0	0	0	0
AATCTGGCTTTCTAGT-1	5_0	1	51	15	1.0	0.0	0.0744337603367206	0.4967156283871815	0	0	0	0	0
GGATCTTGACTCAACC-1	5_0	1	51	17	1.0	0.0	0.1209882441692974	0.4967156283871815	0	0	0	0	0
GAGTTGATGGCAATTT-1	5_0	1	51	19	2.0	0.0	0.1433898981108331	0.4967156283871815	0	0	0	0	0
GATGTAACGAACCACC-1	5_0	1	51	21	1.0	0.0	0.0980077277820136	0.4967156283871815	0	0	0	0	0
AGCCGTGGCTAAATGT-1	5_0	1	50	22	2.0	0.0	0.1417837554120822	0.4934315401928126	0	0	0	0	0
CTCCCTCCTTTCGATC-1	5_0	1	51	23	2.0	0.0	0.1195979937376052	0.4934315401928126	0	0	0	0	0
TTGGAAGAATACAGTC-1	5_0	1	50	24	5.0	0.0	0.3435019534022012	0.4835838082512566	0	0	0	0	0
AGTTAAGTCAACCGCT-1	5_0	1	51	25	4.0	0.0	0.2008614337513131	0.4868653471463742	0	0	0	0	0
CTCATGGTAATTTGCG-1	5_0	1	50	26	12.0	0.0	0.4331348110026043	0.467202970565667	0	0	0	0	0
AAAGTAGCATTGCTCA-1	5_0	1	51	27	3.0	0.0	0.2423452330929905	0.4901480187375228	0	0	0	0	0
TTGTGGTAGGAGGGAT-1	5_0	1	50	28	1.0	0.0	0.1209882441692974	0.4967156283871815	0	0	0	0	0
GCAGATCCATAAGACT-1	2_0	1	51	85	1.0	0.0	0.0	0.4998657768292399	0	0	0	0	0
AGATTCACAACCGATA-1	5_0	1	53	13	1.0	0.0	0.1209882441692974	0.4967156283871815	0	0	0	0	0
AGAAGGTACACTTCAC-1	5_0	1	52	14	1.0	0.0	0.0980077277820136	0.4967156283871815	0	0	0	0	0
GCAGGAACTTAGATCT-1	5_0	1	53	15	1.0	0.0	0.0980077277820136	0.4967156283871815	0	0	0	0	0
CCCGGTGTATCGGAAT-1	5_0	1	53	17	2.0	0.0	0.1195979937376052	0.4934315401928126	0	0	0	0	0
TTATCCTCAAGGAATA-1	5_0	1	52	18	4.0	0.0	0.3126924069554884	0.4868939304248407	0	0	0	0	0
AGCATCATTTCGAAAG-1	5_0	1	53	19	2.0	0.0	0.1417837554120822	0.4934315401928126	0	0	0	0	0
CGCGAGTCTGCCGGGT-1	5_0	1	52	20	1.0	0.0	0.1209882441692974	0.4967156283871815	0	0	0	0	0
TGCGTCATGACTGAGC-1	5_0	1	53	21	2.0	0.0	0.0496280856985086	0.4934315401928126	0	0	0	0	0
CCTCTATCGATTAGCA-1	5_0	1	52	26	2.0	0.0	0.1433898981108331	0.4967156283871815	0	0	0	0	0
CCGCCGGAACTTCTCG-1	5_0	1	54	12	2.0	0.0	0.0968597471123894	0.493452402482191	0	0	0	0	0
GCCATTAGCCTCAAAC-1	5_0	1	55	13	1.0	0.0	0.1433898981108331	0.4967156283871815	0	0	0	0	0
GTTAGGCTACCCGTTT-1	5_0	1	54	14	3.0	0.0	0.2029785321251504	0.4901480187375228	0	0	0	0	0
GGGTATTCTAGCAAAC-1	5_0	1	55	15	8.0	0.0	0.3376012455270361	0.4770252578267581	0	0	0	0	0
GCCCTAGCCGTCGCGA-1	5_0	1	54	16	1.0	0.0	0.1652269372661986	0.4967156283871815	0	0	0	0	0
CAGATCCTGGTTTGAA-1	5_0	1	55	17	3.0	0.0	0.2423452330929905	0.4901480187375228	0	0	0	0	0
GGGCAACCGCACGTGC-1	5_0	1	55	19	4.0	0.0	0.1598735047076917	0.4868861986491284	0	0	0	0	0
TAACATACACGCGATC-1	5_0	1	55	25	1.0	0.0	0.1209882441692974	0.4967156283871815	0	0	0	0	0
CCGACGGGCATGAGGT-1	5_0	1	54	26	1.0	0.0	0.0980077277820136	0.4967156283871815	0	0	0	0	0
AATGTGCCCGAGGTGT-1	5_0	1	55	27	2.0	0.0	0.2251873678987957	0.4934315401928126	0	0	0	0	0
AGCTGTAACCTCAATC-1	5_0	1	54	28	2.0	0.0	0.1634342688030917	0.493452402482191	0	0	0	0	0
CGAGTGAAGGTACCAG-1	5_0	1	55	29	1.0	0.0	0.1652269372661986	0.4967156283871815	0	0	0	0	0
ACGAGGTTTACAACGT-1	5_0	1	57	13	2.0	0.0	0.141797677750445	0.493460138251792	0	0	0	0	0
AACCCATCCCATGATC-1	5_0	1	56	14	4.0	0.25	0.9891278673198682	0.9959716137339304	1	1	1	1	1
TCGACAACTGAACCCG-1	5_0	1	57	15	9.0	0.0	0.2117323878580551	0.473748809620288	0	0	0	0	0
TATCTTGCAATACAAC-1	5_0	1	56	16	20.0	0.0	0.4145495371606205	0.434686955765697	0	0	0	0	0
TATTATGTTTGCCTGC-1	5_0	1	57	17	20.0	0.0	0.3799184572619302	0.4411544351463661	0	0	0	0	0
GTCAAAGAAGTGGTGT-1	5_0	1	56	18	37.0	0.027027027027027	0.9937776571433043	0.994267203799139	1	1	1	1	1
GGGACAGAGTTACTCC-1	5_0	1	57	19	2.0	0.0	0.2251873678987957	0.4934315401928126	0	0	0	0	0
AGCAACCGAAAGTAAT-1	5_0	1	56	20	1.0	0.0	0.1433898981108331	0.4967156283871815	0	0	0	0	0
CTCTCTAACTGCCTAG-1	5_0	1	57	21	1.0	0.0	0.1865132754136803	0.4967156283871815	0	0	0	0	0
TCGGTCCCGACAATAG-1	5_0	1	57	23	2.0	0.0	0.1865132754136803	0.4967156283871815	0	0	0	0	0
CGCGCAAATGTCCAGA-1	5_0	1	56	24	3.0	0.0	0.1182215698334028	0.4901480187375228	0	0	0	0	0
TCTAATACTGCCTCAG-1	5_0	1	57	25	2.0	0.0	0.2447656527730583	0.4934315401928126	0	0	0	0	0
CTCGGTTGTCGGCCCT-1	5_0	1	56	26	2.0	0.0	0.1652269372661986	0.4967156283871815	0	0	0	0	0
GGTAACCGGGAGGATA-1	5_0	1	57	27	3.0	0.0	0.1417837554120822	0.4934315401928126	0	0	0	0	0
CAGGCGCACGGTGGTC-1	5_0	1	56	28	8.0	0.0	0.3240117531440643	0.4803245180274518	0	0	0	0	0
TCATCGATGGTCCCAA-1	5_0	1	57	29	1.0	0.0	0.1209882441692974	0.4967156283871815	0	0	0	0	0
GTGGAGCGTTTACCGA-1	5_0	1	58	16	3.0	0.0	0.1182215698334028	0.4901480187375228	0	0	0	0	0
AGGCGGTTTGTCCCGC-1	5_0	1	59	17	5.0	0.0	0.292414874819912	0.4835838082512566	0	0	0	0	0
TCCCTGGCGTATTAAC-1	5_0	1	58	18	3.0	0.0	0.2251873678987957	0.4934315401928126	0	0	0	0	0
TGGACGCAATCCAGCC-1	5_0	1	58	20	5.0	0.0	0.2375534263415012	0.4835838082512566	0	0	0	0	0
GTATCTCAGTCTTGAC-1	5_0	1	58	22	1.0	0.0	0.0980077277820136	0.4967156283871815	0	0	0	0	0
AGATGCAAGACGTGCA-1	5_0	1	58	24	3.0	0.0	0.1845281517666733	0.4934315401928126	0	0	0	0	0
AGTATGCTGGAGACCA-1	5_0	1	58	26	6.0	0.0	0.2897040112335052	0.4803036844934972	0	0	0	0	0
GCGCAAATATATTCAA-1	5_0	1	58	28	1.0	0.0	0.0980077277820136	0.4967156283871815	0	0	0	0	0
GAAGAAACGATATTGT-1	5_0	1	59	29	1.0	0.0	0.1865259393365595	0.4967364933715186	0	0	0	0	0
GGACCTCTAGGCCGCC-1	5_0	1	58	30	2.0	0.0	0.2638588634205753	0.4934315401928126	0	0	0	0	0
CCTGGTCGAATGTGGG-1	0_0	1	59	69	1.0	0.0	0.0	0.4998657768292399	0	0	0	0	0
CCCTCGATAATACACA-1	5_0	1	69	29	2.0	0.0	0.0980077277820136	0.4967156283871815	0	0	0	0	0
ACCTACTATAAATCTA-1	0_0	1	68	58	1.0	0.0	0.0	0.4998657768292399	0	0	0	0	0
TAGACTCAGTTGGCCT-1	5_0	1	70	14	2.0	0.0	0.2638588634205753	0.4934315401928126	0	0	0	0	0
CAGTGTTAATCTCTCA-1	5_0	1	70	16	2.0	0.0	0.2824785365887781	0.4934315401928126	0	0	0	0	0
CAGGCCAGTACCACCT-1	5_0	1	71	17	10.0	0.1	0.9947804464553758	0.995699644590819	1	1	1	1	1
GTATCTCGGGCGCTTT-1	5_0	1	71	19	1.0	0.0	0.1433898981108331	0.4967156283871815	0	0	0	0	0
CCTGTTCAACCTCGGG-1	5_6	1	71	51	1.0	0.0	0.0	0.4998657768292399	0	0	0	0	0
ATTGTCTGTTTCATGT-1	5_6	1	71	53	1.0	0.0	0.0	0.4998657768292399	0	0	0	0	0
CTCGAGGCAAGTTTCA-1	5_0	1	72	32	2.0	0.0	0.282512371324666	0.4934732647943712	0	0	0	0	0
GCTGGGAGCGCGTCAA-1	5_0	1	73	33	1.0	0.0	0.1865132754136803	0.4967156283871815	0	0	0	0	0
