CATTATAACAGGGTCC-1	4_0	1	1	65	1.0	0.0	0.0	0.4998657768292399	0	0	0	0	0
GAGCCACGGTAGTAGG-1	4_0	1	9	47	1.0	0.0	0.0	0.4998657768292399	0	0	0	0	0
TGCGAGCCCTTCCGCG-1	6_2	1	12	102	1.0	0.0	0.0	0.4998657768292399	0	0	0	0	0
GTGCAACAAATGTGGC-1	1_0	1	14	62	1.0	0.0	0.4765624460613494	0.4897686397585069	0	0	0	0	0
CATGCGTTAGACAGAA-1	1_0	1	15	63	1.0	0.0	0.2753650418508929	0.4897686397585069	0	0	0	0	0
AGGACATCGCACGTCG-1	1_0	1	16	38	1.0	0.0	0.2143387291842374	0.4897686397585069	0	0	0	0	0
TTGAACGAATCCTTTG-1	4_0	1	19	21	1.0	0.0	0.0	0.4998657768292399	0	0	0	0	0
TCTATCATGCAGTTAC-1	5_10	1	18	40	1.0	1.0	0.9999999312209806	0.999849671655151	1	1	1	1	1
CACTGTCCAAGTGAGA-1	5_10	1	19	43	1.0	0.0	0.5	0.4000036912842906	0	0	0	0	0
CATAGTAGCATAGTAG-1	1_0	1	19	45	1.0	0.0	0.5	0.4897686397585069	0	0	0	0	0
TTACATCGTGGCCTGG-1	1_0	1	20	36	1.0	0.0	0.4765624460613494	0.4897686397585069	0	0	0	0	0
GGCTCGTGCCACCAGC-1	1_0	1	20	38	1.0	0.0	0.2753650418508929	0.4897686397585069	0	0	0	0	0
TATAAATCCACAAGCT-1	5_10	1	20	44	1.0	0.0	0.5	0.4000036912842906	0	0	0	0	0
AACGCATGATCTGGGT-1	2_0	1	20	104	1.0	0.0	0.0	0.4998657768292399	0	0	0	0	0
CTAGCCGATGTTATGA-1	3_0	1	23	101	1.0	0.0	0.0	0.4998657768292399	0	0	0	0	0
TCTTACGGCATCCGAC-1	5_0	1	25	29	1.0	0.0	0.3245456081002856	0.4917108068462547	0	0	0	0	0
ATTCAGTAGCAGGGTC-1	1_0	1	27	25	2.0	0.0	0.2672732052947779	0.4795458441410768	0	0	0	0	0
CAGTTCCGCGGGTCGA-1	5_0	1	26	26	4.0	0.0	0.5	0.4668887193837515	0	0	0	0	0
CGCAATTCTACAATAA-1	5_0	1	26	28	7.0	0.0	0.5	0.4422294837472439	0	0	0	0	0
TAACGCTTTGAGAGCG-1	5_0	1	27	29	1.0	0.0	0.2786935973390742	0.4917108068462547	0	0	0	0	0
GAGGAATGGAGAGGTT-1	1_0	1	27	31	2.0	0.0	0.3742847673574472	0.4795458441410768	0	0	0	0	0
TCCTCTACGAGATGGC-1	1_0	1	26	32	1.0	0.0	0.5	0.4897822465907717	0	0	0	0	0
TCAGTACTGACCCGCG-1	1_0	1	26	34	1.0	0.0	0.3317822948138227	0.4897686397585069	0	0	0	0	0
TAATAGTGACGACCAG-1	5_1	1	27	83	1.0	0.0	0.0	0.4998657768292399	0	0	0	0	0
CCTCACCTTAGCATCG-1	5_1	1	27	97	1.0	0.0	0.0	0.4998657768292399	0	0	0	0	0
GAAACTCGTGCGATGC-1	1_0	1	28	24	1.0	0.0	0.3317822948138227	0.4897686397585069	0	0	0	0	0
CCGCACGTGACCTCGG-1	1_0	1	28	26	1.0	0.0	0.2753650418508929	0.4897686397585069	0	0	0	0	0
TTGATCTAACTTTGTC-1	1_0	1	29	47	1.0	0.0	0.2143387291842374	0.4897686397585069	0	0	0	0	0
ACAATTTGAGCAGTGG-1	5_1	1	28	82	1.0	0.0	0.0	0.4999314819425199	0	0	0	0	0
GACTCGCGGGAATGAC-1	5_1	1	28	96	1.0	0.0	0.0	0.4998657768292399	0	0	0	0	0
AGGGAGACATACTTCG-1	6_1	1	29	113	1.0	0.0	0.0	0.4998657768292399	0	0	0	0	0
TCCTCTCCAGTTGTCC-1	1_0	1	30	20	1.0	0.0	0.2753650418508929	0.4897686397585069	0	0	0	0	0
TGTGTTCGTATCCAAG-1	1_0	1	31	21	1.0	0.0	0.4765624460613494	0.4897686397585069	0	0	0	0	0
TCGGAATGCGCTCTGA-1	1_0	1	30	28	1.0	0.0	0.3317822948138227	0.4897686397585069	0	0	0	0	0
ACTGTACGATACACAT-1	5_1	1	30	78	1.0	0.0	0.0	0.4998657768292399	0	0	0	0	0
CTAACGAAACTTGCTG-1	0_19	1	30	94	1.0	0.0	0.0	0.4998657768292399	0	0	0	0	0
TAGATTCCTGGTTATT-1	1_0	1	32	20	1.0	0.0	0.3317822948138227	0.4897686397585069	0	0	0	0	0
GTGAGCGTGCTGCACT-1	5_0	1	33	25	1.0	0.0	0.4078601205159531	0.4917108068462547	0	0	0	0	0
TCCCTGGCTCGCTGGA-1	5_0	1	33	27	3.0	0.0	0.2655593804802641	0.4751506313300315	0	0	0	0	0
AGTACGGCCCGTATCG-1	1_0	1	35	11	1.0	0.0	0.2753650418508929	0.4897686397585069	0	0	0	0	0
AGCACTACCGGCCTGT-1	0_0	1	34	20	1.0	0.0	0.0	0.4998657768292399	0	0	0	0	0
CGGTGAAGACTAAAGT-1	5_0	1	35	23	3.0	0.3333333333333333	0.9983401090561488	0.9991748681195886	1	1	1	1	1
TACTGGACAGCTCGGC-1	5_0	1	35	25	4.0	0.0	0.421229450655241	0.4668887193837515	0	0	0	0	0
TTAGTAGGGCGGCGGG-1	5_0	1	34	26	1.0	0.0	0.2787056258597714	0.4917257616437004	0	0	0	0	0
GAGGCTATCAAAGTCG-1	5_0	1	35	27	2.0	0.0	0.3245456081002856	0.4917108068462547	0	0	0	0	0
TTACCATTGATTACCC-1	5_0	1	34	28	1.0	0.0	0.2298089562745764	0.4917108068462547	0	0	0	0	0
ATACCACGGGCAACTT-1	5_0	1	35	29	1.0	0.0	0.4810759821107436	0.4917108068462547	0	0	0	0	0
AGTGAGACTTCCAGTA-1	0_19	1	35	87	1.0	0.0	0.0	0.4998657768292399	0	0	0	0	0
TATAGGGTACTCATGA-1	5_0	1	36	20	1.0	0.0	0.2786935973390742	0.4917108068462547	0	0	0	0	0
AATATTGGAGTATTGA-1	5_0	1	36	22	2.0	0.0	0.3598706983630095	0.483426168892192	0	0	0	0	0
AACCAAGACTTCTCTG-1	5_0	1	36	24	5.0	0.0	0.4293340801712281	0.4751506313300315	0	0	0	0	0
TCGTATTACCCATTGC-1	5_0	1	37	25	2.0	0.0	0.3998768098190118	0.483426168892192	0	0	0	0	0
ATTCGACGCCGGGCCT-1	5_0	1	36	26	1.0	0.0	0.4078601205159531	0.4917108068462547	0	0	0	0	0
GTACTCCCTTATCGCT-1	5_0	1	36	28	1.0	0.0	0.3245456081002856	0.4917108068462547	0	0	0	0	0
AATAACAACGCTCGGC-1	5_0	1	36	30	3.0	0.0	0.5	0.4751506313300315	0	0	0	0	0
CCGATTCGAGGGACCC-1	5_0	1	38	20	1.0	0.0	0.3245587251455119	0.4917257616437004	0	0	0	0	0
CCACTGGTGGCTGGTT-1	5_0	1	39	21	1.0	0.0	0.4078745715072269	0.4917257616437004	0	0	0	0	0
GACAGGCACACACTAT-1	5_0	1	38	22	2.0	0.0	0.472803853433666	0.483426168892192	0	0	0	0	0
TCAACGCGACCGGCAG-1	5_0	1	39	23	1.0	0.0	0.3675444719546069	0.4917108068462547	0	0	0	0	0
CTACGACTAGCTATAA-1	5_0	1	38	24	9.0	0.0	0.5	0.4340665849865329	0	0	0	0	0
CGGTTGACCTGGCATA-1	5_0	1	39	25	1.0	1.0	0.9981480853865335	0.9984605213391012	1	1	1	1	1
ATAAATATTAGCAGCT-1	5_0	1	38	28	1.0	0.0	0.2786935973390742	0.4917108068462547	0	0	0	0	0
CATACGGCGTCTGGGC-1	3_0	1	39	63	1.0	0.0	0.0	0.4998657768292399	0	0	0	0	0
GTCGGGAACATGGTAG-1	1_0	1	40	4	1.0	0.0	0.2143387291842374	0.4897686397585069	0	0	0	0	0
TGGTAAGCAGGATTGA-1	1_0	1	41	11	1.0	0.0	0.2143387291842374	0.4897686397585069	0	0	0	0	0
CCGTTCCGAATCTCGG-1	5_0	1	40	22	1.0	0.0	0.3245456081002856	0.4917108068462547	0	0	0	0	0
CTTATGCGCTCAGGGC-1	1_0	1	43	11	1.0	1.0	0.9931440519338822	0.9987487989381076	1	1	1	1	1
GCTAGACCGTCTACTG-1	6_0	1	42	104	1.0	0.0	0.0	0.4998657768292399	0	0	0	0	0
AAACTTGCAAACGTAT-1	5_0	1	45	19	2.0	0.0	0.3173191609790085	0.483426168892192	0	0	0	0	0
AGGGCGAGCAGCTGAT-1	5_0	1	44	20	2.0	0.0	0.4374767780499825	0.483426168892192	0	0	0	0	0
AACACGAGACGCGGCC-1	5_0	1	45	21	14.0	0.0	0.5	0.4018271126426532	0	0	0	0	0
TGACGAATATTTCCCT-1	5_0	1	44	22	4.0	0.0	0.3101797295220113	0.4751506313300315	0	0	0	0	0
TCGGAGAGTATCGGGA-1	5_0	1	45	23	1.0	0.0	0.1777022840049633	0.4917108068462547	0	0	0	0	0
AGGCCCTAGAACGCCA-1	5_0	1	45	25	4.0	0.0	0.3840724707994555	0.4668887193837515	0	0	0	0	0
TCACCCTCTTAAGATT-1	3_0	1	45	59	1.0	0.0	0.0	0.4998657768292399	0	0	0	0	0
ACAGTAATACAACTTG-1	1_0	1	46	14	1.0	0.0	0.2753650418508929	0.4897686397585069	0	0	0	0	0
AGGTCAGGTGAGAGTG-1	5_0	1	46	20	1.0	0.0	0.3245456081002856	0.4917108068462547	0	0	0	0	0
TCCTCCTAAGACATTC-1	5_0	1	47	21	4.0	0.0	0.3447392270293127	0.4668887193837515	0	0	0	0	0
AGTCGGCTCAACTTTA-1	5_0	1	47	23	2.0	0.0	0.3173321231709558	0.4834411113720317	0	0	0	0	0
ACGGGAGTGTCGGCCC-1	5_0	1	47	25	6.0	0.1666666666666666	0.9991759706883084	0.998242548519	1	1	1	1	1
TTAACTTCAGGTAGGA-1	5_0	1	46	26	13.0	0.0	0.483921479038109	0.4018414949379858	0	0	0	0	0
CCACGGAGCCATAAGA-1	5_0	1	47	27	4.0	0.0	0.5	0.4668887193837515	0	0	0	0	0
GACTACAAAGCGGTGG-1	5_0	1	49	21	1.0	0.0	0.2298089562745764	0.4917108068462547	0	0	0	0	0
CAGCTGGCGTAACCGT-1	5_0	1	48	22	2.0	0.0	0.2720768599859068	0.483426168892192	0	0	0	0	0
ACTCGTAACCCGTCCT-1	5_0	1	49	23	2.0	0.0	0.5	0.483426168892192	0	0	0	0	0
CATATGTCAGGCTACG-1	5_0	1	48	24	4.0	0.0	0.5	0.4751506313300315	0	0	0	0	0
GCCCGACTTCTTCCCG-1	5_0	1	49	25	8.0	0.0	0.5	0.4340665849865329	0	0	0	0	0
CTGGCATCCGAATGAG-1	5_0	1	48	26	11.0	0.0	0.5	0.4098082980030796	0	0	0	0	0
AAGTGCGTTAGAATCT-1	5_0	1	49	27	2.0	0.0	0.5	0.483426168892192	0	0	0	0	0
AGAAGTGATTCGTGAT-1	5_0	1	48	28	1.0	0.0	0.3245456081002856	0.4917108068462547	0	0	0	0	0
GCCCGCGCGTAAACGG-1	0_0	1	49	41	1.0	0.0	0.0	0.4998657768292399	0	0	0	0	0
AGGCATTGTCGTAGGG-1	2_0	1	49	99	1.0	0.0	0.0	0.4998657768292399	0	0	0	0	0
AATCTGGCTTTCTAGT-1	5_0	1	51	15	1.0	0.0	0.1777022840049633	0.4917108068462547	0	0	0	0	0
GGATCTTGACTCAACC-1	5_0	1	51	17	1.0	0.0	0.2786935973390742	0.4917108068462547	0	0	0	0	0
GAGTTGATGGCAATTT-1	5_0	1	51	19	2.0	0.0	0.3245456081002856	0.4917108068462547	0	0	0	0	0
GATGTAACGAACCACC-1	5_0	1	51	21	1.0	0.0	0.2298089562745764	0.4917108068462547	0	0	0	0	0
AGCCGTGGCTAAATGT-1	5_0	1	50	22	2.0	0.5	0.9968013135492818	0.9984086992959272	1	1	1	1	1
CTCCCTCCTTTCGATC-1	5_0	1	51	23	2.0	0.0	0.2720768599859068	0.483426168892192	0	0	0	0	0
TTGGAAGAATACAGTC-1	5_0	1	50	24	5.0	0.0	0.5	0.4586449284413025	0	0	0	0	0
AGTTAAGTCAACCGCT-1	5_0	1	51	25	4.0	0.0	0.421229450655241	0.4668887193837515	0	0	0	0	0
CTCATGGTAATTTGCG-1	5_0	1	50	26	12.0	0.0	0.5	0.4098082980030796	0	0	0	0	0
AAAGTAGCATTGCTCA-1	5_0	1	51	27	3.0	0.0	0.4976956620866348	0.4751506313300315	0	0	0	0	0
TTGTGGTAGGAGGGAT-1	5_0	1	50	28	1.0	0.0	0.2786935973390742	0.4917108068462547	0	0	0	0	0
GCAGATCCATAAGACT-1	2_0	1	51	85	1.0	0.0	0.0	0.4998657768292399	0	0	0	0	0
AGAAGGTACACTTCAC-1	5_0	1	52	14	1.0	0.0	0.2298089562745764	0.4917108068462547	0	0	0	0	0
GCAGGAACTTAGATCT-1	5_0	1	53	15	1.0	0.0	0.2298089562745764	0.4917108068462547	0	0	0	0	0
CCCGGTGTATCGGAAT-1	5_0	1	53	17	2.0	0.0	0.2720768599859068	0.483426168892192	0	0	0	0	0
TTATCCTCAAGGAATA-1	5_0	1	52	18	4.0	0.0	0.5	0.4669091352054997	0	0	0	0	0
AGCATCATTTCGAAAG-1	5_0	1	53	19	2.0	0.0	0.3245456081002856	0.4917108068462547	0	0	0	0	0
CGCGAGTCTGCCGGGT-1	5_0	1	52	20	1.0	0.0	0.2786935973390742	0.4917108068462547	0	0	0	0	0
TGCGTCATGACTGAGC-1	5_0	1	53	21	2.0	0.0	0.1186619254346142	0.483426168892192	0	0	0	0	0
ACAGAACTGAGAACAA-1	5_0	1	52	24	1.0	0.0	0.2786935973390742	0.4917108068462547	0	0	0	0	0
CCTCTATCGATTAGCA-1	5_0	1	52	26	2.0	0.5	0.9968013135492818	0.9984086992959272	1	1	1	1	1
CCGCCGGAACTTCTCG-1	5_0	1	54	12	2.0	0.0	0.2240028227832008	0.4834411113720317	0	0	0	0	0
GCCATTAGCCTCAAAC-1	5_0	1	55	13	1.0	0.0	0.3245456081002856	0.4917108068462547	0	0	0	0	0
GTTAGGCTACCCGTTT-1	5_0	1	54	14	3.0	0.0	0.4374767780499825	0.483426168892192	0	0	0	0	0
GGGTATTCTAGCAAAC-1	5_0	1	55	15	8.0	0.0	0.5	0.4422294837472439	0	0	0	0	0
GCCCTAGCCGTCGCGA-1	5_0	1	54	16	1.0	0.0	0.3675444719546069	0.4917108068462547	0	0	0	0	0
CAGATCCTGGTTTGAA-1	5_0	1	55	17	3.0	0.0	0.4976956620866348	0.4751506313300315	0	0	0	0	0
GGGCAACCGCACGTGC-1	5_0	1	55	19	5.0	0.0	0.3373010430626973	0.458659785046079	0	0	0	0	0
TAACATACACGCGATC-1	5_0	1	55	25	1.0	0.0	0.2786935973390742	0.4917108068462547	0	0	0	0	0
CCGACGGGCATGAGGT-1	5_0	1	54	26	1.0	0.0	0.2298089562745764	0.4917108068462547	0	0	0	0	0
AATGTGCCCGAGGTGT-1	5_0	1	55	27	2.0	0.0	0.472803853433666	0.483426168892192	0	0	0	0	0
AGCTGTAACCTCAATC-1	5_0	1	54	28	2.0	0.0	0.3598844824347771	0.4834411113720317	0	0	0	0	0
CGAGTGAAGGTACCAG-1	5_0	1	55	29	1.0	0.0	0.3675444719546069	0.4917108068462547	0	0	0	0	0
ACGAGGTTTACAACGT-1	5_0	1	57	13	2.0	0.0	0.317336929650201	0.4834466520815804	0	0	0	0	0
AACCCATCCCATGATC-1	5_0	1	56	14	4.0	0.0	0.5	0.4668887193837515	0	0	0	0	0
TCGACAACTGAACCCG-1	5_0	1	57	15	9.0	0.0	0.4236393908880859	0.4340665849865329	0	0	0	0	0
TATCTTGCAATACAAC-1	5_0	1	56	16	20.0	0.0	0.5	0.3475022832980489	0	0	0	0	0
TATTATGTTTGCCTGC-1	5_0	1	57	17	20.0	0.05	0.9991459019890304	0.9971132538288324	1	1	1	1	1
GTCAAAGAAGTGGTGT-1	5_0	1	56	18	37.0	0.054054054054054	0.9999994857307188	0.9999977543289058	2	1	1	1	1
GGGACAGAGTTACTCC-1	5_0	1	57	19	2.0	0.0	0.472803853433666	0.483426168892192	0	0	0	0	0
AGCAACCGAAAGTAAT-1	5_0	1	56	20	1.0	0.0	0.3245456081002856	0.4917108068462547	0	0	0	0	0
CTCTCTAACTGCCTAG-1	5_0	1	57	21	1.0	0.0	0.4078601205159531	0.4917108068462547	0	0	0	0	0
TCGGTCCCGACAATAG-1	5_0	1	57	23	2.0	0.0	0.4078601205159531	0.4917108068462547	0	0	0	0	0
CGCGCAAATGTCCAGA-1	5_0	1	56	24	3.0	0.3333333333333333	0.996025285535966	0.9984086992959272	1	1	1	1	1
TCTAATACTGCCTCAG-1	5_0	1	57	25	2.0	0.0	0.5	0.483426168892192	0	0	0	0	0
CTCGGTTGTCGGCCCT-1	5_0	1	56	26	3.0	0.3333333333333333	0.9973538640805636	0.9984086992959272	1	1	1	1	1
GGTAACCGGGAGGATA-1	5_0	1	57	27	3.0	0.3333333333333333	0.9966938240747364	0.9983551356891364	1	1	1	1	1
CAGGCGCACGGTGGTC-1	5_0	1	56	28	8.0	0.0	0.5	0.4340812838276436	0	0	0	0	0
TCATCGATGGTCCCAA-1	5_0	1	57	29	1.0	0.0	0.2786935973390742	0.4917108068462547	0	0	0	0	0
TGCTCGGCGAAACCCA-1	0_0	1	57	61	1.0	0.0	0.0	0.4998657768292399	0	0	0	0	0
GTGGAGCGTTTACCGA-1	5_0	1	58	16	3.0	0.0	0.2655593804802641	0.4751506313300315	0	0	0	0	0
AGGCGGTTTGTCCCGC-1	5_0	1	59	17	5.0	0.0	0.5	0.4586449284413025	0	0	0	0	0
TCCCTGGCGTATTAAC-1	5_0	1	58	18	3.0	0.3333333333333333	0.9991390126784778	0.9991748681195886	1	1	1	1	1
TGGACGCAATCCAGCC-1	5_0	1	58	20	5.0	0.0	0.4811247144963503	0.4586449284413025	0	0	0	0	0
GTATCTCAGTCTTGAC-1	5_0	1	58	22	1.0	0.0	0.2298089562745764	0.4917108068462547	0	0	0	0	0
AGATGCAAGACGTGCA-1	5_0	1	58	24	3.0	0.0	0.391946329119642	0.4751506313300315	0	0	0	0	0
AGTATGCTGGAGACCA-1	5_0	1	58	26	6.0	0.0	0.5	0.4504237143253833	0	0	0	0	0
GCGCAAATATATTCAA-1	5_0	1	58	28	1.0	0.0	0.2298089562745764	0.4917108068462547	0	0	0	0	0
GAAGAAACGATATTGT-1	5_0	1	59	29	1.0	0.0	0.4078745715072269	0.4917257616437004	0	0	0	0	0
GGACCTCTAGGCCGCC-1	5_0	1	58	30	2.0	0.0	0.5	0.483426168892192	0	0	0	0	0
CCTGGTCGAATGTGGG-1	0_0	1	59	69	1.0	0.0	0.0	0.4998657768292399	0	0	0	0	0
CCCTCGATAATACACA-1	5_0	1	69	29	2.0	0.0	0.223992421997439	0.483426168892192	0	0	0	0	0
ACCTACTATAAATCTA-1	0_0	1	68	58	1.0	0.0	0.0	0.4998657768292399	0	0	0	0	0
TAGACTCAGTTGGCCT-1	5_0	1	70	14	3.0	0.0	0.5	0.4751506313300315	0	0	0	0	0
CAGTGTTAATCTCTCA-1	5_0	1	70	16	2.0	0.0	0.5	0.483426168892192	0	0	0	0	0
CAGGCCAGTACCACCT-1	5_0	1	71	17	10.0	0.1	0.9998676900086886	0.9995117212204856	1	1	1	1	1
GTATCTCGGGCGCTTT-1	5_0	1	71	19	1.0	0.0	0.3245456081002856	0.4917108068462547	0	0	0	0	0
CCTGTTCAACCTCGGG-1	5_6	1	71	51	1.0	0.0	0.0	0.4998657768292399	0	0	0	0	0
ATTGTCTGTTTCATGT-1	5_6	1	71	53	1.0	0.0	0.0	0.4998657768292399	0	0	0	0	0
CTCGAGGCAAGTTTCA-1	5_0	1	72	32	2.0	0.0	0.5	0.4834560538814818	0	0	0	0	0
GCTGGGAGCGCGTCAA-1	5_0	1	73	33	1.0	0.0	0.4078601205159531	0.4917108068462547	0	0	0	0	0
