CATTATAACAGGGTCC-1	4_0	1	1	65	1.0	0.0	0.0	0.4998657768292399	0	0	0	0	0
GAGCCACGGTAGTAGG-1	4_0	1	9	47	1.0	0.0	0.0	0.4998657768292399	0	0	0	0	0
TGCGAGCCCTTCCGCG-1	6_2	1	12	102	1.0	0.0	0.0	0.4998657768292399	0	0	0	0	0
GTGCAACAAATGTGGC-1	1_0	1	14	62	1.0	0.0	0.0	0.4998657768292399	0	0	0	0	0
CATGCGTTAGACAGAA-1	1_0	1	15	63	1.0	0.0	0.0	0.4998657768292399	0	0	0	0	0
AGGACATCGCACGTCG-1	1_0	1	16	38	1.0	0.0	0.0	0.4998657768292399	0	0	0	0	0
TTGAACGAATCCTTTG-1	4_0	1	19	21	1.0	0.0	0.0	0.4998657768292399	0	0	0	0	0
CACTGTCCAAGTGAGA-1	5_10	1	19	43	1.0	0.0	0.0	0.4998657768292399	0	0	0	0	0
CATAGTAGCATAGTAG-1	1_0	1	19	45	1.0	0.0	0.0	0.4998657768292399	0	0	0	0	0
TTACATCGTGGCCTGG-1	1_0	1	20	36	1.0	0.0	0.0	0.4998657768292399	0	0	0	0	0
GGCTCGTGCCACCAGC-1	1_0	1	20	38	1.0	0.0	0.0	0.4998657768292399	0	0	0	0	0
TATAAATCCACAAGCT-1	5_10	1	20	44	1.0	0.0	0.0	0.4998657768292399	0	0	0	0	0
AACGCATGATCTGGGT-1	2_0	1	20	104	1.0	0.0	0.0	0.4998657768292399	0	0	0	0	0
CTAGCCGATGTTATGA-1	3_0	1	23	101	1.0	0.0	0.0	0.4998657768292399	0	0	0	0	0
TCTTACGGCATCCGAC-1	5_0	1	25	29	1.0	0.0	0.2138020456113265	0.4949132654015856	0	0	0	0	0
ATTCAGTAGCAGGGTC-1	1_0	1	27	25	2.0	0.0	0.0	0.4997315536778249	0	0	0	0	0
CAGTTCCGCGGGTCGA-1	5_0	1	26	26	4.0	0.0	0.415435159029774	0.479663584776592	0	0	0	0	0
CGCAATTCTACAATAA-1	5_0	1	26	28	7.0	0.0	0.3777831390819	0.4644517072151424	0	0	0	0	0
TAACGCTTTGAGAGCG-1	5_0	1	27	29	1.0	0.0	0.1815838027785875	0.4949132654015856	0	0	0	0	0
GAGGAATGGAGAGGTT-1	1_0	1	27	31	2.0	0.0	0.0	0.4997315536778249	0	0	0	0	0
TCCTCTACGAGATGGC-1	1_0	1	26	32	1.0	0.0	0.0	0.4999314819425199	0	0	0	0	0
TCAGTACTGACCCGCG-1	1_0	1	26	34	1.0	0.0	0.0	0.4998657768292399	0	0	0	0	0
TAATAGTGACGACCAG-1	5_1	1	27	83	1.0	0.0	0.0	0.4998657768292399	0	0	0	0	0
CCTCACCTTAGCATCG-1	5_1	1	27	97	1.0	0.0	0.0	0.4998657768292399	0	0	0	0	0
GAAACTCGTGCGATGC-1	1_0	1	28	24	1.0	0.0	0.0	0.4998657768292399	0	0	0	0	0
CCGCACGTGACCTCGG-1	1_0	1	28	26	1.0	0.0	0.0	0.4998657768292399	0	0	0	0	0
TTGATCTAACTTTGTC-1	1_0	1	29	47	1.0	0.0	0.0	0.4998657768292399	0	0	0	0	0
ACAATTTGAGCAGTGG-1	5_1	1	28	82	1.0	0.0	0.0	0.4999314819425199	0	0	0	0	0
GACTCGCGGGAATGAC-1	5_1	1	28	96	1.0	0.0	0.0	0.4998657768292399	0	0	0	0	0
AGGGAGACATACTTCG-1	6_1	1	29	113	1.0	0.0	0.0	0.4998657768292399	0	0	0	0	0
TCCTCTCCAGTTGTCC-1	1_0	1	30	20	1.0	0.0	0.0	0.4998657768292399	0	0	0	0	0
TGTGTTCGTATCCAAG-1	1_0	1	31	21	1.0	0.0	0.0	0.4998657768292399	0	0	0	0	0
TCGGAATGCGCTCTGA-1	1_0	1	30	28	1.0	0.0	0.0	0.4998657768292399	0	0	0	0	0
ACTGTACGATACACAT-1	5_1	1	30	78	1.0	0.0	0.0	0.4998657768292399	0	0	0	0	0
CTAACGAAACTTGCTG-1	0_19	1	30	94	1.0	0.0	0.5	0.4000036912842906	0	0	0	0	0
TAGATTCCTGGTTATT-1	1_0	1	32	20	1.0	0.0	0.0	0.4998657768292399	0	0	0	0	0
GTGAGCGTGCTGCACT-1	5_0	1	33	25	1.0	0.0	0.2745392967297915	0.4949132654015856	0	0	0	0	0
TCCCTGGCTCGCTGGA-1	5_0	1	33	27	3.0	0.0	0.1756142093454489	0.4847440066923104	0	0	0	0	0
AGTACGGCCCGTATCG-1	1_0	1	35	11	1.0	0.0	0.0	0.4998657768292399	0	0	0	0	0
AGCACTACCGGCCTGT-1	0_0	1	34	20	1.0	0.0	0.0	0.4998657768292399	0	0	0	0	0
CGGTGAAGACTAAAGT-1	5_0	1	35	23	3.0	0.0	0.2104017148484961	0.4898275836429286	0	0	0	0	0
TACTGGACAGCTCGGC-1	5_0	1	35	25	4.0	0.0	0.2904121135877228	0.479663584776592	0	0	0	0	0
TTAGTAGGGCGGCGGG-1	5_0	1	34	26	1.0	0.0	0.1815945467422808	0.4949313370774572	0	0	0	0	0
GAGGCTATCAAAGTCG-1	5_0	1	35	27	2.0	0.0	0.2138020456113265	0.4949132654015856	0	0	0	0	0
TTACCATTGATTACCC-1	5_0	1	34	28	1.0	0.0	0.1480682828310389	0.4949132654015856	0	0	0	0	0
ATACCACGGGCAACTT-1	5_0	1	35	29	1.0	0.0	0.330648606800248	0.4949132654015856	0	0	0	0	0
AGTGAGACTTCCAGTA-1	0_19	1	35	87	1.0	0.0	0.5	0.4000036912842906	0	0	0	0	0
AGGGTGCTCTCGAGGG-1	0_19	1	34	92	1.0	1.0	0.9999812064848456	0.999849671655151	1	1	1	1	1
TATAGGGTACTCATGA-1	5_0	1	36	20	1.0	0.0	0.1815838027785875	0.4949132654015856	0	0	0	0	0
AATATTGGAGTATTGA-1	5_0	1	36	22	2.0	0.0	0.2410297118070138	0.4898275836429286	0	0	0	0	0
AACCAAGACTTCTCTG-1	5_0	1	36	24	5.0	0.0	0.2946230238603736	0.4847440066923104	0	0	0	0	0
TCGTATTACCCATTGC-1	5_0	1	37	25	2.0	0.0	0.2705053539122474	0.4898275836429286	0	0	0	0	0
ATTCGACGCCGGGCCT-1	5_0	1	36	26	1.0	0.0	0.2745392967297915	0.4949132654015856	0	0	0	0	0
GTACTCCCTTATCGCT-1	5_0	1	36	28	1.0	0.0	0.2138020456113265	0.4949132654015856	0	0	0	0	0
AATAACAACGCTCGGC-1	5_0	1	36	30	3.0	0.0	0.397096507195291	0.4847440066923104	0	0	0	0	0
CCGATTCGAGGGACCC-1	5_0	1	38	20	1.0	0.0	0.2138141978408402	0.4949313370774572	0	0	0	0	0
CCACTGGTGGCTGGTT-1	5_0	1	39	21	1.0	0.0	0.2745536956093843	0.4949313370774572	0	0	0	0	0
GACAGGCACACACTAT-1	5_0	1	38	22	2.0	0.0	0.3261608839621051	0.4898275836429286	0	0	0	0	0
TCAACGCGACCGGCAG-1	5_0	1	39	23	1.0	0.0	0.2447715834334531	0.4949132654015856	0	0	0	0	0
CTACGACTAGCTATAA-1	5_0	1	38	24	9.0	0.0	0.4598048373961246	0.4593943426449725	0	0	0	0	0
ATAAATATTAGCAGCT-1	5_0	1	38	28	1.0	0.0	0.1815838027785875	0.4949132654015856	0	0	0	0	0
CATACGGCGTCTGGGC-1	3_0	1	39	63	1.0	0.0	0.0	0.4998657768292399	0	0	0	0	0
GTCGGGAACATGGTAG-1	1_0	1	40	4	1.0	0.0	0.0	0.4998657768292399	0	0	0	0	0
TGGTAAGCAGGATTGA-1	1_0	1	41	11	1.0	0.0	0.0	0.4998657768292399	0	0	0	0	0
CCGTTCCGAATCTCGG-1	5_0	1	40	22	1.0	0.0	0.2138020456113265	0.4949132654015856	0	0	0	0	0
GCTAGACCGTCTACTG-1	6_0	1	42	104	1.0	0.0	0.0	0.4998657768292399	0	0	0	0	0
AAACTTGCAAACGTAT-1	5_0	1	45	19	2.0	0.0	0.2104017148484961	0.4898275836429286	0	0	0	0	0
AGGGCGAGCAGCTGAT-1	5_0	1	44	20	2.0	0.0	0.298869274856637	0.4898275836429286	0	0	0	0	0
AACACGAGACGCGGCC-1	5_0	1	45	21	14.0	0.0714285714285714	0.9974730895218528	0.9968120639732722	1	1	1	1	1
TGACGAATATTTCCCT-1	5_0	1	44	22	4.0	0.0	0.2070412218238191	0.4847440066923104	0	0	0	0	0
TCGGAGAGTATCGGGA-1	5_0	1	45	23	1.0	0.0	0.1132051725498558	0.4949132654015856	0	0	0	0	0
AGGCCCTAGAACGCCA-1	5_0	1	45	25	4.0	0.0	0.2625502575839603	0.479663584776592	0	0	0	0	0
TCACCCTCTTAAGATT-1	3_0	1	45	59	1.0	0.0	0.0	0.4998657768292399	0	0	0	0	0
ACAGTAATACAACTTG-1	1_0	1	46	14	1.0	0.0	0.0	0.4998657768292399	0	0	0	0	0
AGGTCAGGTGAGAGTG-1	5_0	1	46	20	1.0	0.0	0.2138020456113265	0.4949132654015856	0	0	0	0	0
TCCTCCTAAGACATTC-1	5_0	1	47	21	4.0	0.0	0.2336637904549666	0.479663584776592	0	0	0	0	0
AGTCGGCTCAACTTTA-1	5_0	1	47	23	2.0	0.0	0.2104137255334679	0.4898456497151834	0	0	0	0	0
ACGGGAGTGTCGGCCC-1	5_0	1	47	25	6.0	0.0	0.4800761074268086	0.479663584776592	0	0	0	0	0
TTAACTTCAGGTAGGA-1	5_0	1	46	26	13.0	0.0	0.3542151340070535	0.4392941760332391	0	0	0	0	0
CCACGGAGCCATAAGA-1	5_0	1	47	27	4.0	0.0	0.415435159029774	0.479663584776592	0	0	0	0	0
GACTACAAAGCGGTGG-1	5_0	1	49	21	1.0	0.0	0.1480682828310389	0.4949132654015856	0	0	0	0	0
CAGCTGGCGTAACCGT-1	5_0	1	48	22	2.0	0.0	0.1785794857201197	0.4898275836429286	0	0	0	0	0
ACTCGTAACCCGTCCT-1	5_0	1	49	23	2.0	0.0	0.3524183866948609	0.4898275836429286	0	0	0	0	0
CATATGTCAGGCTACG-1	5_0	1	48	24	4.0	0.25	0.9958044567322476	0.997343921887698	1	1	1	1	1
GCCCGACTTCTTCCCG-1	5_0	1	49	25	8.0	0.0	0.5	0.4593943426449725	0	0	0	0	0
CTGGCATCCGAATGAG-1	5_0	1	48	26	11.0	0.0	0.5	0.4442764278103419	0	0	0	0	0
AAGTGCGTTAGAATCT-1	5_0	1	49	27	2.0	0.0	0.4902406118818676	0.4898275836429286	0	0	0	0	0
AGAAGTGATTCGTGAT-1	5_0	1	48	28	1.0	0.0	0.2138020456113265	0.4949132654015856	0	0	0	0	0
GCCCGCGCGTAAACGG-1	0_0	1	49	41	1.0	0.0	0.0	0.4998657768292399	0	0	0	0	0
AGGCATTGTCGTAGGG-1	2_0	1	49	99	1.0	0.0	0.0	0.4998657768292399	0	0	0	0	0
AATCTGGCTTTCTAGT-1	5_0	1	51	15	1.0	0.0	0.1132051725498558	0.4949132654015856	0	0	0	0	0
GGATCTTGACTCAACC-1	5_0	1	51	17	1.0	0.0	0.1815838027785875	0.4949132654015856	0	0	0	0	0
GAGTTGATGGCAATTT-1	5_0	1	51	19	2.0	0.0	0.2138020456113265	0.4949132654015856	0	0	0	0	0
GATGTAACGAACCACC-1	5_0	1	51	21	1.0	0.0	0.1480682828310389	0.4949132654015856	0	0	0	0	0
AGCCGTGGCTAAATGT-1	5_0	1	50	22	2.0	0.0	0.2138020456113265	0.4949132654015856	0	0	0	0	0
CTCCCTCCTTTCGATC-1	5_0	1	51	23	2.0	0.0	0.1785794857201197	0.4898275836429286	0	0	0	0	0
TTGGAAGAATACAGTC-1	5_0	1	50	24	5.0	0.0	0.4749995077833027	0.4745873655143304	0	0	0	0	0
AGTTAAGTCAACCGCT-1	5_0	1	51	25	4.0	0.0	0.2904121135877228	0.479663584776592	0	0	0	0	0
CTCATGGTAATTTGCG-1	5_0	1	50	26	12.0	0.0833333333333333	0.9981198592525906	0.9968758497216657	1	1	1	1	1
AAAGTAGCATTGCTCA-1	5_0	1	51	27	3.0	0.0	0.3477887173103706	0.4847440066923104	0	0	0	0	0
TTGTGGTAGGAGGGAT-1	5_0	1	50	28	1.0	0.0	0.1815838027785875	0.4949132654015856	0	0	0	0	0
GCAGATCCATAAGACT-1	2_0	1	51	85	1.0	0.0	0.0	0.4998657768292399	0	0	0	0	0
AGAAGGTACACTTCAC-1	5_0	1	52	14	1.0	0.0	0.1480682828310389	0.4949132654015856	0	0	0	0	0
GCAGGAACTTAGATCT-1	5_0	1	53	15	1.0	0.0	0.1480682828310389	0.4949132654015856	0	0	0	0	0
CCCGGTGTATCGGAAT-1	5_0	1	53	17	2.0	0.0	0.1785794857201197	0.4898275836429286	0	0	0	0	0
TTATCCTCAAGGAATA-1	5_0	1	52	18	4.0	0.0	0.4378145748460141	0.4796883190782883	0	0	0	0	0
AGCATCATTTCGAAAG-1	5_0	1	53	19	2.0	0.0	0.2138020456113265	0.4949132654015856	0	0	0	0	0
CGCGAGTCTGCCGGGT-1	5_0	1	52	20	1.0	0.0	0.1815838027785875	0.4949132654015856	0	0	0	0	0
TGCGTCATGACTGAGC-1	5_0	1	53	21	2.0	0.0	0.07550961556024	0.4898275836429286	0	0	0	0	0
ACAGAACTGAGAACAA-1	5_0	1	52	24	1.0	0.0	0.1815838027785875	0.4949132654015856	0	0	0	0	0
CCTCTATCGATTAGCA-1	5_0	1	52	26	2.0	0.0	0.2138020456113265	0.4949132654015856	0	0	0	0	0
CCGCCGGAACTTCTCG-1	5_0	1	54	12	2.0	0.0	0.1455288752381549	0.4898456497151834	0	0	0	0	0
GCCATTAGCCTCAAAC-1	5_0	1	55	13	1.0	0.0	0.2138020456113265	0.4949132654015856	0	0	0	0	0
GTTAGGCTACCCGTTT-1	5_0	1	54	14	3.0	0.0	0.298869274856637	0.4898275836429286	0	0	0	0	0
GGGTATTCTAGCAAAC-1	5_0	1	55	15	8.0	0.0	0.4648628351170428	0.4644517072151424	0	0	0	0	0
GCCCTAGCCGTCGCGA-1	5_0	1	54	16	1.0	0.0	0.2447715834334531	0.4949132654015856	0	0	0	0	0
CAGATCCTGGTTTGAA-1	5_0	1	55	17	3.0	0.0	0.3477887173103706	0.4847440066923104	0	0	0	0	0
GGGCAACCGCACGTGC-1	5_0	1	55	19	5.0	0.0	0.2300528083220167	0.4746053923995649	0	0	0	0	0
TAACATACACGCGATC-1	5_0	1	55	25	1.0	0.0	0.1815838027785875	0.4949132654015856	0	0	0	0	0
CCGACGGGCATGAGGT-1	5_0	1	54	26	1.0	0.0	0.1480682828310389	0.4949132654015856	0	0	0	0	0
AATGTGCCCGAGGTGT-1	5_0	1	55	27	2.0	0.0	0.3261608839621051	0.4898275836429286	0	0	0	0	0
AGCTGTAACCTCAATC-1	5_0	1	54	28	2.0	0.0	0.2410429371425411	0.4898456497151834	0	0	0	0	0
CGAGTGAAGGTACCAG-1	5_0	1	55	29	1.0	0.0	0.2447715834334531	0.4949132654015856	0	0	0	0	0
ACGAGGTTTACAACGT-1	5_0	1	57	13	2.0	0.0	0.2104181792422868	0.4898523486501264	0	0	0	0	0
AACCCATCCCATGATC-1	5_0	1	56	14	4.0	0.0	0.3681625722714198	0.479663584776592	0	0	0	0	0
TCGACAACTGAACCCG-1	5_0	1	57	15	9.0	0.0	0.29991840128944	0.4593943426449725	0	0	0	0	0
TATCTTGCAATACAAC-1	5_0	1	56	16	20.0	0.0	0.5	0.4045348039037689	0	0	0	0	0
TATTATGTTTGCCTGC-1	5_0	1	57	17	20.0	0.0	0.4970821276417631	0.4045348039037689	0	0	0	0	0
GTCAAAGAAGTGGTGT-1	5_0	1	56	18	37.0	0.027027027027027	0.9972448674949468	0.9951208254594066	1	1	1	1	1
GGGACAGAGTTACTCC-1	5_0	1	57	19	2.0	0.0	0.3261608839621051	0.4898275836429286	0	0	0	0	0
AGCAACCGAAAGTAAT-1	5_0	1	56	20	1.0	0.0	0.2138020456113265	0.4949132654015856	0	0	0	0	0
CTCTCTAACTGCCTAG-1	5_0	1	57	21	1.0	0.0	0.2745392967297915	0.4949132654015856	0	0	0	0	0
TCGGTCCCGACAATAG-1	5_0	1	57	23	2.0	0.5	0.9934229843776656	0.9974495717512843	1	1	1	1	1
CGCGCAAATGTCCAGA-1	5_0	1	56	24	3.0	0.3333333333333333	0.9888337922870852	0.9974495717512843	1	1	1	1	1
TCTAATACTGCCTCAG-1	5_0	1	57	25	2.0	0.0	0.3524183866948609	0.4898275836429286	0	0	0	0	0
CTCGGTTGTCGGCCCT-1	5_0	1	56	26	3.0	0.0	0.2447715834334531	0.4949132654015856	0	0	0	0	0
GGTAACCGGGAGGATA-1	5_0	1	57	27	3.0	0.0	0.2104017148484961	0.4898275836429286	0	0	0	0	0
CAGGCGCACGGTGGTC-1	5_0	1	56	28	8.0	0.0	0.4392107326479909	0.4594122970374933	0	0	0	0	0
TCATCGATGGTCCCAA-1	5_0	1	57	29	1.0	0.0	0.1815838027785875	0.4949132654015856	0	0	0	0	0
TGCTCGGCGAAACCCA-1	0_0	1	57	61	1.0	0.0	0.0	0.4998657768292399	0	0	0	0	0
GTGGAGCGTTTACCGA-1	5_0	1	58	16	3.0	0.0	0.1756142093454489	0.4847440066923104	0	0	0	0	0
AGGCGGTTTGTCCCGC-1	5_0	1	59	17	5.0	0.0	0.4105024171593585	0.4745873655143304	0	0	0	0	0
TCCCTGGCGTATTAAC-1	5_0	1	58	18	3.0	0.0	0.3261608839621051	0.4898275836429286	0	0	0	0	0
TGGACGCAATCCAGCC-1	5_0	1	58	20	5.0	0.0	0.3386158219446155	0.4745873655143304	0	0	0	0	0
GTATCTCAGTCTTGAC-1	5_0	1	58	22	1.0	0.0	0.1480682828310389	0.4949132654015856	0	0	0	0	0
AGATGCAAGACGTGCA-1	5_0	1	58	24	3.0	0.0	0.266508909097565	0.4847440066923104	0	0	0	0	0
AGTATGCTGGAGACCA-1	5_0	1	58	26	6.0	0.0	0.4055876076976881	0.4695163930534743	0	0	0	0	0
GCGCAAATATATTCAA-1	5_0	1	58	28	1.0	0.0	0.1480682828310389	0.4949132654015856	0	0	0	0	0
GAAGAAACGATATTGT-1	5_0	1	59	29	1.0	0.0	0.2745536956093843	0.4949313370774572	0	0	0	0	0
GGACCTCTAGGCCGCC-1	5_0	1	58	30	2.0	0.0	0.3776788062694796	0.4898275836429286	0	0	0	0	0
CCTGGTCGAATGTGGG-1	0_0	1	59	69	1.0	0.0	0.0	0.4998657768292399	0	0	0	0	0
CCCTCGATAATACACA-1	5_0	1	69	29	2.0	0.0	0.1455198856737845	0.4898275836429286	0	0	0	0	0
ACCTACTATAAATCTA-1	0_0	1	68	58	1.0	0.0	0.0	0.4998657768292399	0	0	0	0	0
TAGACTCAGTTGGCCT-1	5_0	1	70	14	3.0	0.0	0.3729083851355214	0.4847440066923104	0	0	0	0	0
CAGTGTTAATCTCTCA-1	5_0	1	70	16	2.0	0.0	0.4019780061828865	0.4898275836429286	0	0	0	0	0
CAGGCCAGTACCACCT-1	5_0	1	71	17	10.0	0.2	0.9999953521096836	0.9999927624075686	2	1	1	1	1
GTATCTCGGGCGCTTT-1	5_0	1	71	19	1.0	0.0	0.2138020456113265	0.4949132654015856	0	0	0	0	0
CCTGTTCAACCTCGGG-1	5_6	1	71	51	1.0	0.0	0.0	0.4998657768292399	0	0	0	0	0
ATTGTCTGTTTCATGT-1	5_6	1	71	53	1.0	0.0	0.0	0.4998657768292399	0	0	0	0	0
CTCGAGGCAAGTTTCA-1	5_0	1	72	32	2.0	0.0	0.4020127645055491	0.4898637158139627	0	0	0	0	0
GCTGGGAGCGCGTCAA-1	5_0	1	73	33	1.0	0.0	0.2745392967297915	0.4949132654015856	0	0	0	0	0
