CGTGCCCGACATTTGT-1	4_0	1	1	59	1.0	0.0	0.0	0.4998657768292399	0	0	0	0	0
CGTCAGTTTATCGTCT-1	4_0	1	2	60	1.0	0.0	0.0	0.4998657768292399	0	0	0	0	0
GAGCCACGGTAGTAGG-1	4_0	1	9	47	1.0	0.0	0.0	0.4998657768292399	0	0	0	0	0
ATTCTCGTCTCTTTAG-1	1_0	1	11	51	1.0	0.0	0.5	0.4786147704250266	0	0	0	0	0
CTATGTCTATTGAAAC-1	1_0	1	11	55	1.0	0.0	0.5	0.4786147704250266	0	0	0	0	0
ACTGTGCTAGTAGATC-1	4_0	1	13	31	1.0	0.0	0.0	0.4998657768292399	0	0	0	0	0
TGCGAGCCCTTCCGCG-1	6_2	1	12	102	1.0	0.0	0.0	0.4998657768292399	0	0	0	0	0
TCTTACAGAGGTACCG-1	1_0	1	15	45	1.0	0.0	0.4899961327501077	0.4786147704250266	0	0	0	0	0
GTGCAACAAATGTGGC-1	1_0	1	14	62	1.0	0.0	0.5	0.4786147704250266	0	0	0	0	0
CATGCGTTAGACAGAA-1	1_0	1	15	63	1.0	0.0	0.4899961327501077	0.4786147704250266	0	0	0	0	0
AGGACATCGCACGTCG-1	1_0	1	16	38	2.0	0.0	0.3746993463733609	0.4573076385067505	0	0	0	0	0
GCATCCCTAACTTTGA-1	5_10	1	16	42	2.0	0.0	0.5	0.4600269251835517	0	0	0	0	0
TATATTACAAATGTCG-1	2_0	1	17	107	1.0	0.0	0.0	0.4998657768292399	0	0	0	0	0
TTGAACGAATCCTTTG-1	4_0	1	19	21	1.0	0.0	0.0	0.4998657768292399	0	0	0	0	0
TCTATCATGCAGTTAC-1	5_10	1	18	40	1.0	0.0	0.5	0.4799814247034003	0	0	0	0	0
CCCGCCATGCTCCCGT-1	1_0	1	19	41	2.0	0.5	0.9996546632782084	0.9993344346190768	1	1	1	1	1
CGCTTCCACTGAAATC-1	5_10	1	18	42	2.0	0.5	0.9996821703522096	0.9992946944953364	1	1	1	1	1
CACTGTCCAAGTGAGA-1	5_10	1	19	43	4.0	0.0	0.5	0.4205706182417262	0	0	0	0	0
CATAGTAGCATAGTAG-1	1_0	1	19	45	1.0	0.0	0.5	0.4786147704250266	0	0	0	0	0
TAACAAAGGGAGAAGC-1	1_0	1	21	35	2.0	0.5	0.9996546632782084	0.9993344346190768	1	1	1	1	1
TTACATCGTGGCCTGG-1	1_0	1	20	36	1.0	0.0	0.5	0.4786147704250266	0	0	0	0	0
GGCTCGTGCCACCAGC-1	1_0	1	20	38	1.0	0.0	0.4899961327501077	0.4786147704250266	0	0	0	0	0
TGTGACTACGCCAGTC-1	0_19	1	21	73	1.0	0.0	0.0	0.4998657768292399	0	0	0	0	0
AACGCATGATCTGGGT-1	2_0	1	20	104	1.0	0.0	0.0	0.4998657768292399	0	0	0	0	0
CTAGCCGATGTTATGA-1	3_0	1	23	101	1.0	0.0	0.0	0.4998657768292399	0	0	0	0	0
TCTTACGGCATCCGAC-1	5_0	1	25	29	3.0	0.0	0.5	0.4578453332666371	0	0	0	0	0
GAAAGTGACTAACTGC-1	1_0	1	25	31	2.0	0.0	0.5	0.4786147704250266	0	0	0	0	0
TTACAACTACGCATCC-1	1_0	1	24	52	1.0	1.0	0.9991409969250924	0.9993889991564756	1	1	1	1	1
TTATGTTTGCGATAGA-1	4_0	1	26	20	1.0	0.0	0.0	0.4998657768292399	0	0	0	0	0
GGTTAGTTACGGCGCC-1	1_0	1	27	23	2.0	0.0	0.4686465554842633	0.4573164231807508	0	0	0	0	0
ATTCAGTAGCAGGGTC-1	1_0	1	27	25	5.0	0.0	0.426339882260811	0.4152332731518651	0	0	0	0	0
CAGTTCCGCGGGTCGA-1	5_0	1	26	26	15.0	0.0666666666666666	0.9998871548333674	0.9987755935032152	1	1	1	1	1
AAGAGATGAATCGGTA-1	5_0	1	27	27	3.0	0.0	0.5	0.4578453332666371	0	0	0	0	0
CGCAATTCTACAATAA-1	5_0	1	26	28	18.0	0.0	0.5	0.3459139696294812	0	0	0	0	0
TAACGCTTTGAGAGCG-1	5_0	1	27	29	2.0	0.5	0.9995256131496952	0.9993269863040312	1	1	1	1	1
AGGCTATGGTTAGCTT-1	5_0	1	26	30	1.0	0.0	0.5	0.4788850781664903	0	0	0	0	0
GAGGAATGGAGAGGTT-1	1_0	1	27	31	1.0	0.0	0.5	0.4786147704250266	0	0	0	0	0
TCCTCTACGAGATGGC-1	1_0	1	26	32	1.0	0.0	0.5	0.4786236034199013	0	0	0	0	0
TCAGTACTGACCCGCG-1	1_0	1	26	34	1.0	0.0	0.5	0.4786147704250266	0	0	0	0	0
ATCTGGTTAAGACTGT-1	3_0	1	26	76	1.0	0.0	0.0	0.4998657768292399	0	0	0	0	0
TAATAGTGACGACCAG-1	5_1	1	27	83	2.0	0.0	0.0	0.4997315536778249	0	0	0	0	0
GATCCTAAATCGGGAC-1	5_1	1	27	95	1.0	0.0	0.0	0.4998657768292399	0	0	0	0	0
CCTCACCTTAGCATCG-1	5_1	1	27	97	1.0	0.0	0.0	0.4998657768292399	0	0	0	0	0
GGGAATTCTGTCCAGT-1	4_0	1	28	4	1.0	0.0	0.0	0.4998657768292399	0	0	0	0	0
AAGTGCAAAGGTAGAC-1	4_0	1	28	10	1.0	0.0	0.0	0.4998657768292399	0	0	0	0	0
TATGAAGACAGGTGCG-1	1_0	1	29	21	1.0	0.0	0.3949587084089585	0.4786147704250266	0	0	0	0	0
TACCTGCTGCACTGTG-1	1_0	1	28	22	1.0	0.0	0.4899961327501077	0.4786147704250266	0	0	0	0	0
GAAACTCGTGCGATGC-1	1_0	1	28	24	3.0	0.0	0.5	0.4361555652199531	0	0	0	0	0
CCGCACGTGACCTCGG-1	1_0	1	28	26	1.0	0.0	0.4899961327501077	0.4786147704250266	0	0	0	0	0
AACAGGATGGGCCGCG-1	1_0	1	29	31	1.0	0.0	0.3949587084089585	0.4786147704250266	0	0	0	0	0
TTGATCTAACTTTGTC-1	1_0	1	29	47	1.0	0.0	0.3949587084089585	0.4786147704250266	0	0	0	0	0
ACAATTTGAGCAGTGG-1	5_1	1	28	82	1.0	0.0	0.0	0.4999314819425199	0	0	0	0	0
GACTCGCGGGAATGAC-1	5_1	1	28	96	1.0	0.0	0.0	0.4998657768292399	0	0	0	0	0
AGGGAGACATACTTCG-1	6_1	1	29	113	1.0	0.0	0.0	0.4998657768292399	0	0	0	0	0
TCCTCTCCAGTTGTCC-1	1_0	1	30	20	1.0	1.0	0.9994162030501708	0.9993889991564756	1	1	1	1	1
TGTGTTCGTATCCAAG-1	1_0	1	31	21	1.0	0.0	0.5	0.4786147704250266	0	0	0	0	0
TACAAGTCTCGTGCAT-1	1_0	1	31	27	1.0	0.0	0.5	0.4786147704250266	0	0	0	0	0
TCGGAATGCGCTCTGA-1	1_0	1	30	28	2.0	0.0	0.5	0.4786147704250266	0	0	0	0	0
TGCGCAAAGCATTTGG-1	0_19	1	31	67	1.0	0.0	0.0	0.4998657768292399	0	0	0	0	0
ACTGTACGATACACAT-1	5_1	1	30	78	2.0	0.0	0.0	0.4997315536778249	0	0	0	0	0
CTAACGAAACTTGCTG-1	0_19	1	30	94	1.0	0.0	0.0	0.4998657768292399	0	0	0	0	0
TTAAACTCGAATTCAT-1	5_1	1	31	95	1.0	0.0	0.0	0.4998657768292399	0	0	0	0	0
ATGGCAGCCGAGAAAC-1	1_0	1	33	9	1.0	1.0	0.9997557065779248	0.9993889991564756	1	1	1	1	1
TAGATTCCTGGTTATT-1	1_0	1	32	20	1.0	0.0	0.5	0.4786147704250266	0	0	0	0	0
TCCCTGGCTCGCTGGA-1	5_0	1	33	27	3.0	0.3333333333333333	0.9994838200040478	0.9992677070942988	1	1	1	1	1
CACGAAAGTTAGTCCC-1	5_0	1	33	29	1.0	0.0	0.485596833712455	0.4788850781664903	0	0	0	0	0
GGGCTGCCTAGGGCGA-1	0_19	1	33	69	1.0	0.0	0.0	0.4998657768292399	0	0	0	0	0
TCGGAGTACATGAGTA-1	5_1	1	32	74	1.0	0.0	0.0	0.4998657768292399	0	0	0	0	0
GTGTGAATAACTTAGG-1	0_19	1	33	83	1.0	0.0	0.0	0.4998657768292399	0	0	0	0	0
AGTACGGCCCGTATCG-1	1_0	1	35	11	1.0	0.0	0.4899961327501077	0.4786147704250266	0	0	0	0	0
AGCACTACCGGCCTGT-1	0_0	1	34	20	1.0	0.0	0.0	0.4998657768292399	0	0	0	0	0
CGGTGAAGACTAAAGT-1	5_0	1	35	23	2.0	1.0	0.9999997969563096	0.999999616974226	2	1	1	1	1
CCCTGCGCTACGCATA-1	5_0	1	34	24	2.0	0.5	0.9996431196061354	0.9993269863040312	1	1	1	1	1
TACTGGACAGCTCGGC-1	5_0	1	35	25	7.0	0.0	0.5	0.4493611738479635	0	0	0	0	0
TTAGTAGGGCGGCGGG-1	5_0	1	34	26	4.0	0.0	0.5	0.4163161104618421	0	0	0	0	0
GAGGCTATCAAAGTCG-1	5_0	1	35	27	1.0	0.0	0.5	0.4788850781664903	0	0	0	0	0
TTACCATTGATTACCC-1	5_0	1	34	28	1.0	0.0	0.485596833712455	0.4788850781664903	0	0	0	0	0
ATACCACGGGCAACTT-1	5_0	1	35	29	4.0	0.0	0.5	0.458735657289604	0	0	0	0	0
AGTGAGACTTCCAGTA-1	0_19	1	35	87	1.0	0.0	0.0	0.4998657768292399	0	0	0	0	0
AGGGTGCTCTCGAGGG-1	0_19	1	34	92	1.0	0.0	0.0	0.4998657768292399	0	0	0	0	0
TATAGGGTACTCATGA-1	5_0	1	36	20	2.0	0.0	0.5	0.4578453332666371	0	0	0	0	0
CCAGCTGATGGTACTT-1	5_0	1	37	21	3.0	0.0	0.5	0.4578453332666371	0	0	0	0	0
AATATTGGAGTATTGA-1	5_0	1	36	22	2.0	0.0	0.5	0.4788850781664903	0	0	0	0	0
GGCCCTCACCCACTTA-1	5_0	1	37	23	5.0	0.2	0.9998075721037456	0.999249204909712	1	1	1	1	1
AACCAAGACTTCTCTG-1	5_0	1	36	24	6.0	0.0	0.5	0.4378336160799856	0	0	0	0	0
TCGTATTACCCATTGC-1	5_0	1	37	25	5.0	0.0	0.5	0.4162943949760509	0	0	0	0	0
ATTCGACGCCGGGCCT-1	5_0	1	36	26	3.0	0.0	0.5	0.4685736341647546	0	0	0	0	0
GGCGCAGGACATCTTC-1	5_0	1	37	27	5.0	0.0	0.5	0.4369548754016266	0	0	0	0	0
GTACTCCCTTATCGCT-1	5_0	1	36	28	3.0	0.0	0.5	0.4578453332666371	0	0	0	0	0
AATAACAACGCTCGGC-1	5_0	1	36	30	7.0	0.0	0.5	0.4493611738479635	0	0	0	0	0
CCGATTCGAGGGACCC-1	5_0	1	38	20	4.0	0.0	0.5	0.4162943949760509	0	0	0	0	0
CCACTGGTGGCTGGTT-1	5_0	1	39	21	2.0	0.0	0.5	0.4578542021138673	0	0	0	0	0
GACAGGCACACACTAT-1	5_0	1	38	22	2.0	0.0	0.5	0.4578453332666371	0	0	0	0	0
CTACGACTAGCTATAA-1	5_0	1	38	24	15.0	0.1333333333333333	0.9999999517122348	0.99999907511695	2	1	1	1	1
CGGTTGACCTGGCATA-1	5_0	1	39	25	3.0	0.0	0.5	0.4788850781664903	0	0	0	0	0
ATAAATATTAGCAGCT-1	5_0	1	38	28	2.0	0.0	0.5	0.4578453332666371	0	0	0	0	0
CATACGGCGTCTGGGC-1	3_0	1	39	63	1.0	0.0	0.0	0.4998657768292399	0	0	0	0	0
GTCGGGAACATGGTAG-1	1_0	1	40	4	1.0	0.0	0.3949587084089585	0.4786147704250266	0	0	0	0	0
CAATACGCTCTGAGGC-1	1_0	1	40	10	1.0	0.0	0.3949587084089585	0.4786147704250266	0	0	0	0	0
TGGTAAGCAGGATTGA-1	1_0	1	41	11	1.0	0.0	0.3949587084089585	0.4786147704250266	0	0	0	0	0
AGACCGGGAAACCCTG-1	1_0	1	41	17	1.0	0.0	0.3949587084089585	0.4786147704250266	0	0	0	0	0
CCCTGCCCAATCCGCT-1	1_0	1	41	19	1.0	0.0	0.3949587084089585	0.4786147704250266	0	0	0	0	0
CCGTTCCGAATCTCGG-1	5_0	1	40	22	1.0	0.0	0.5	0.4788850781664903	0	0	0	0	0
CTCAGATTGTGATAAG-1	1_0	1	43	5	1.0	0.0	0.3949587084089585	0.4786147704250266	0	0	0	0	0
CTTATGCGCTCAGGGC-1	1_0	1	43	11	1.0	0.0	0.2832980709166295	0.4786147704250266	0	0	0	0	0
TTGACTACCATATGGT-1	0_0	1	43	41	1.0	0.0	0.0	0.4998657768292399	0	0	0	0	0
GGCGAAATCTAACTTG-1	6_0	1	43	87	1.0	0.0	0.0	0.4998657768292399	0	0	0	0	0
GCTAGACCGTCTACTG-1	6_0	1	42	104	1.0	0.0	0.0	0.4998657768292399	0	0	0	0	0
ACGTCTCGTTCCGGGA-1	1_0	1	44	6	1.0	0.0	0.2832980709166295	0.4786147704250266	0	0	0	0	0
AAACTTGCAAACGTAT-1	5_0	1	45	19	6.0	0.1666666666666666	0.9996116746741628	0.9992677070942988	1	1	1	1	1
AGGGCGAGCAGCTGAT-1	5_0	1	44	20	6.0	0.1666666666666666	0.999807578734756	0.999249230767448	1	1	1	1	1
AACACGAGACGCGGCC-1	5_0	1	45	21	26.0	0.1153846153846153	0.99999999996169	0.9999999987265756	3	1	1	1	1
TGACGAATATTTCCCT-1	5_0	1	44	22	3.0	0.0	0.5	0.4788850781664903	0	0	0	0	0
TCGGAGAGTATCGGGA-1	5_0	1	45	23	2.0	0.0	0.371170109707632	0.4578453332666371	0	0	0	0	0
AGGCCCTAGAACGCCA-1	5_0	1	45	25	4.0	0.0	0.5	0.4369548754016266	0	0	0	0	0
TCACCCTCTTAAGATT-1	3_0	1	45	59	1.0	0.0	0.0	0.4998657768292399	0	0	0	0	0
CTTTAGTGCTATTATT-1	3_0	1	44	64	1.0	0.0	0.0	0.4998657768292399	0	0	0	0	0
TATAGCGCACGTTATC-1	1_0	1	47	7	2.0	0.0	0.2832980709166295	0.4786147704250266	0	0	0	0	0
ACAGTAATACAACTTG-1	1_0	1	46	14	2.0	0.0	0.4899961327501077	0.4786147704250266	0	0	0	0	0
AGGTCAGGTGAGAGTG-1	5_0	1	46	20	1.0	0.0	0.5	0.4788850781664903	0	0	0	0	0
TCCTCCTAAGACATTC-1	5_0	1	47	21	10.0	0.3	0.9999999998389644	0.9999999996063996	3	1	1	1	1
ATGTGAAAGCCTAATG-1	5_0	1	46	22	2.0	0.0	0.5	0.4788850781664903	0	0	0	0	0
AGTCGGCTCAACTTTA-1	5_0	1	47	23	5.0	0.4	0.9999997595756926	0.9999995464586802	2	1	1	1	1
CGATCTGTTGGAGGAC-1	5_0	1	46	24	3.0	0.0	0.5	0.4788850781664903	0	0	0	0	0
ACGGGAGTGTCGGCCC-1	5_0	1	47	25	19.0	0.0526315789473684	0.9999237237699244	0.9985410568482644	1	1	1	1	1
TTAACTTCAGGTAGGA-1	5_0	1	46	26	17.0	0.0588235294117647	0.9998171404439026	0.9983673573072852	1	1	1	1	1
CCACGGAGCCATAAGA-1	5_0	1	47	27	10.0	0.2	0.9999999494400552	0.9999994507980052	2	1	1	1	1
CTTCTATGTTGAAGTA-1	5_0	1	46	28	1.0	0.0	0.3911000990970175	0.4788850781664903	0	0	0	0	0
CACCGTTGCGCGATAT-1	5_0	1	47	29	2.0	0.0	0.371170109707632	0.4578453332666371	0	0	0	0	0
AGTTTGGCCAGACCTA-1	0_0	1	47	31	1.0	0.0	0.0	0.4998657768292399	0	0	0	0	0
GACTACAAAGCGGTGG-1	5_0	1	49	21	2.0	0.0	0.485596833712455	0.4788850781664903	0	0	0	0	0
CAGCTGGCGTAACCGT-1	5_0	1	48	22	4.0	0.25	0.9995013810401272	0.9992926153360152	1	1	1	1	1
ACTCGTAACCCGTCCT-1	5_0	1	49	23	9.0	0.2222222222222222	0.9999999208616452	0.9999995265782106	2	1	1	1	1
CATATGTCAGGCTACG-1	5_0	1	48	24	12.0	0.0	0.5	0.3371448435991812	0	0	0	0	0
GCCCGACTTCTTCCCG-1	5_0	1	49	25	21.0	0.0952380952380952	0.9999999589636818	0.9999986359597592	2	1	1	1	1
CTGGCATCCGAATGAG-1	5_0	1	48	26	22.0	0.0454545454545454	0.99994890609916	0.997967622374664	1	1	1	1	1
AAGTGCGTTAGAATCT-1	5_0	1	49	27	6.0	0.3333333333333333	0.999999978238929	0.9999995831976216	2	1	1	1	1
AGAAGTGATTCGTGAT-1	5_0	1	48	28	5.0	0.0	0.5	0.3959211966073062	0	0	0	0	0
TACCTTAAGATTTCCC-1	5_0	1	49	29	2.0	0.0	0.485596833712455	0.4788850781664903	0	0	0	0	0
ATCAAACGAAGGTTTG-1	0_0	1	49	33	1.0	0.0	0.0	0.4998657768292399	0	0	0	0	0
GCCCGCGCGTAAACGG-1	0_0	1	49	41	1.0	0.0	0.0	0.4998657768292399	0	0	0	0	0
AATAGAATCTGTTTCA-1	2_0	1	48	86	1.0	0.0	0.0	0.4998657768292399	0	0	0	0	0
AGGCATTGTCGTAGGG-1	2_0	1	49	99	1.0	0.0	0.0	0.4998657768292399	0	0	0	0	0
AATCTGGCTTTCTAGT-1	5_0	1	51	15	1.0	0.0	0.3911000990970175	0.4788850781664903	0	0	0	0	0
GGATCTTGACTCAACC-1	5_0	1	51	17	3.0	0.0	0.5	0.4369548754016266	0	0	0	0	0
GAGTTGATGGCAATTT-1	5_0	1	51	19	2.0	0.0	0.5	0.4578453332666371	0	0	0	0	0
AGCCGTGGCTAAATGT-1	5_0	1	50	22	8.0	0.0	0.5	0.4378336160799856	0	0	0	0	0
CTCCCTCCTTTCGATC-1	5_0	1	51	23	3.0	0.0	0.5	0.4578453332666371	0	0	0	0	0
TTGGAAGAATACAGTC-1	5_0	1	50	24	24.0	0.0833333333333333	0.9999998820491665	0.9999977408234068	2	1	1	1	1
AGTTAAGTCAACCGCT-1	5_0	1	51	25	7.0	0.1428571428571428	0.999780255366461	0.9991426912815652	1	1	1	1	1
CTCATGGTAATTTGCG-1	5_0	1	50	26	35.0	0.0857142857142857	0.9999999999722552	0.999999998101907	3	1	1	1	1
AAAGTAGCATTGCTCA-1	5_0	1	51	27	12.0	0.1666666666666666	0.9999998695330984	0.9999992195205673	2	1	1	1	1
TTGTGGTAGGAGGGAT-1	5_0	1	50	28	2.0	0.0	0.5	0.4578453332666371	0	0	0	0	0
GCTGCTACTGCGTAGC-1	2_0	1	51	75	1.0	0.0	0.0	0.4998657768292399	0	0	0	0	0
GCAGATCCATAAGACT-1	2_0	1	51	85	1.0	0.0	0.0	0.4998657768292399	0	0	0	0	0
CCCAGTAAACTTGGGA-1	5_0	1	52	12	1.0	0.0	0.3911000990970175	0.4788850781664903	0	0	0	0	0
AGATTCACAACCGATA-1	5_0	1	53	13	2.0	0.0	0.5	0.4578453332666371	0	0	0	0	0
AGAAGGTACACTTCAC-1	5_0	1	52	14	1.0	0.0	0.485596833712455	0.4788850781664903	0	0	0	0	0
GCAGGAACTTAGATCT-1	5_0	1	53	15	2.0	0.0	0.4645250666713723	0.4578453332666371	0	0	0	0	0
AATCTAGGTTTACTTG-1	5_0	1	52	16	3.0	0.0	0.4752726764578466	0.4685736341647546	0	0	0	0	0
CCCGGTGTATCGGAAT-1	5_0	1	53	17	4.0	0.0	0.5	0.4685736341647546	0	0	0	0	0
TTATCCTCAAGGAATA-1	5_0	1	52	18	11.0	0.1818181818181818	0.9999999455026104	0.9999992831064188	2	1	1	1	1
AGCATCATTTCGAAAG-1	5_0	1	53	19	5.0	0.0	0.5	0.4587318573288038	0	0	0	0	0
CGCGAGTCTGCCGGGT-1	5_0	1	52	20	3.0	0.0	0.5	0.4369548754016266	0	0	0	0	0
TGCGTCATGACTGAGC-1	5_0	1	53	21	2.0	0.5	0.9984134580494626	0.9993269863040312	1	1	1	1	1
GTATGAAATTTCACTC-1	5_0	1	52	22	1.0	0.0	0.3911000990970175	0.4788850781664903	0	0	0	0	0
ACAGAACTGAGAACAA-1	5_0	1	52	24	1.0	0.0	0.5	0.4788850781664903	0	0	0	0	0
CTACTATCATAGGTTT-1	5_0	1	53	25	1.0	0.0	0.485596833712455	0.4788850781664903	0	0	0	0	0
CCTCTATCGATTAGCA-1	5_0	1	52	26	1.0	0.0	0.5	0.4788850781664903	0	0	0	0	0
TCACGATGTCCGTGGA-1	5_0	1	52	28	1.0	0.0	0.3911000990970175	0.4788850781664903	0	0	0	0	0
CCGCCGGAACTTCTCG-1	5_0	1	54	12	2.0	0.5	0.9996715074245242	0.9996625603680704	1	1	1	1	1
GCCATTAGCCTCAAAC-1	5_0	1	55	13	2.0	0.5	0.9996431196061354	0.9993269863040312	1	1	1	1	1
GTTAGGCTACCCGTTT-1	5_0	1	54	14	3.0	0.3333333333333333	0.9998123100716644	0.999267680948678	1	1	1	1	1
GGGTATTCTAGCAAAC-1	5_0	1	55	15	21.0	0.1428571428571428	0.9999999999628716	0.9999999992888596	3	1	1	1	1
GCCCTAGCCGTCGCGA-1	5_0	1	54	16	3.0	0.0	0.5	0.4369548754016266	0	0	0	0	0
CAGATCCTGGTTTGAA-1	5_0	1	55	17	9.0	0.3333333333333333	0.9999999999444366	0.9999999996676076	3	1	1	1	1
CTTCAGTGGTCGCCTA-1	5_0	1	54	18	2.0	0.0	0.371170109707632	0.4578453332666371	0	0	0	0	0
GGGCAACCGCACGTGC-1	5_0	1	55	19	7.0	0.0	0.5	0.4404596763089749	0	0	0	0	0
TAACATACACGCGATC-1	5_0	1	55	25	2.0	0.0	0.5	0.4788850781664903	0	0	0	0	0
CCGACGGGCATGAGGT-1	5_0	1	54	26	1.0	0.0	0.485596833712455	0.4788850781664903	0	0	0	0	0
AATGTGCCCGAGGTGT-1	5_0	1	55	27	6.0	0.0	0.5	0.3758830551964289	0	0	0	0	0
AGCTGTAACCTCAATC-1	5_0	1	54	28	2.0	0.0	0.5	0.4578542021138673	0	0	0	0	0
CGAGTGAAGGTACCAG-1	5_0	1	55	29	4.0	0.25	0.9997002532219452	0.999267680948678	1	1	1	1	1
AGTCTCACAAGACTAC-1	5_0	1	54	30	1.0	0.0	0.3911000990970175	0.4788850781664903	0	0	0	0	0
ACGAGGTTTACAACGT-1	5_0	1	57	13	11.0	0.0909090909090909	0.999514168670233	0.999083912184013	1	1	1	1	1
AACCCATCCCATGATC-1	5_0	1	56	14	15.0	0.0	0.5	0.4027332471910702	0	0	0	0	0
TCGACAACTGAACCCG-1	5_0	1	57	15	20.0	0.1	0.999999719529986	0.9999986393054716	2	1	1	1	1
TATCTTGCAATACAAC-1	5_0	1	56	16	76.0	0.0263157894736842	0.999999439224469	0.999954116220759	2	1	1	1	1
TATTATGTTTGCCTGC-1	5_0	1	57	17	46.0	0.0652173913043478	0.999999999879106	0.9999999942271596	3	1	1	1	1
GTCAAAGAAGTGGTGT-1	5_0	1	56	18	71.0	0.0422535211267605	0.9999999998689014	0.9999999892727596	3	1	1	1	1
GGGACAGAGTTACTCC-1	5_0	1	57	19	6.0	0.0	0.5	0.4404596763089749	0	0	0	0	0
AGCAACCGAAAGTAAT-1	5_0	1	56	20	4.0	0.0	0.5	0.4587369290394701	0	0	0	0	0
CTCTCTAACTGCCTAG-1	5_0	1	57	21	3.0	0.3333333333333333	0.999783478949594	0.9993269863040312	1	1	1	1	1
ATACGGAACGTCGTTT-1	5_0	1	56	22	3.0	0.0	0.485596833712455	0.4788850781664903	0	0	0	0	0
TCGGTCCCGACAATAG-1	5_0	1	57	23	2.0	0.0	0.5	0.4788850781664903	0	0	0	0	0
CGCGCAAATGTCCAGA-1	5_0	1	56	24	3.0	0.3333333333333333	0.999483801570488	0.999267680948678	1	1	1	1	1
TCTAATACTGCCTCAG-1	5_0	1	57	25	4.0	0.5	0.999999924182206	0.9999995464424752	2	1	1	1	1
CTCGGTTGTCGGCCCT-1	5_0	1	56	26	7.0	0.0	0.5	0.4404596763089749	0	0	0	0	0
GGTAACCGGGAGGATA-1	5_0	1	57	27	2.0	0.0	0.5	0.4578453332666371	0	0	0	0	0
CAGGCGCACGGTGGTC-1	5_0	1	56	28	15.0	0.0	0.5	0.3850828850450079	0	0	0	0	0
TCATCGATGGTCCCAA-1	5_0	1	57	29	1.0	0.0	0.5	0.4788850781664903	0	0	0	0	0
TGCTCGGCGAAACCCA-1	0_0	1	57	61	1.0	0.0	0.0	0.4998657768292399	0	0	0	0	0
CATGGGTATGCCTTAT-1	2_0	1	56	82	1.0	0.0	0.0	0.4998657768292399	0	0	0	0	0
GTGGAGCGTTTACCGA-1	5_0	1	58	16	6.0	0.0	0.5	0.4587318573288038	0	0	0	0	0
AGGCGGTTTGTCCCGC-1	5_0	1	59	17	14.0	0.1428571428571428	0.9999999393693976	0.9999993414066288	2	1	1	1	1
TCCCTGGCGTATTAAC-1	5_0	1	58	18	5.0	0.0	0.5	0.4685736341647546	0	0	0	0	0
AAACACCAATAACTGC-1	5_0	1	59	19	1.0	0.0	0.5	0.4788850781664903	0	0	0	0	0
TGGACGCAATCCAGCC-1	5_0	1	58	20	14.0	0.0714285714285714	0.9997797640434086	0.9986839470937172	1	1	1	1	1
GTATCTCAGTCTTGAC-1	5_0	1	58	22	2.0	0.5	0.9993448251208188	0.9993269863040312	1	1	1	1	1
AGATGCAAGACGTGCA-1	5_0	1	58	24	6.0	0.0	0.5	0.4587318573288038	0	0	0	0	0
AGTATGCTGGAGACCA-1	5_0	1	58	26	20.0	0.2	0.9999999999999628	0.9999999999995955	4	1	1	1	1
GCGCAAATATATTCAA-1	5_0	1	58	28	3.0	0.0	0.4435791929601825	0.4369548754016266	0	0	0	0	0
GAAGAAACGATATTGT-1	5_0	1	59	29	3.0	0.3333333333333333	0.9998818941382746	0.9996328146291596	1	1	1	1	1
GGACCTCTAGGCCGCC-1	5_0	1	58	30	4.0	0.0	0.5	0.4587318573288038	0	0	0	0	0
CTACAAGAAATAACCC-1	0_0	1	58	40	1.0	0.0	0.0	0.4998657768292399	0	0	0	0	0
CCTGGTCGAATGTGGG-1	0_0	1	59	69	1.0	0.0	0.0	0.4998657768292399	0	0	0	0	0
TGCGACGGCCGAACGT-1	0_0	1	60	32	1.0	0.0	0.0	0.4998657768292399	0	0	0	0	0
CCCTCGATAATACACA-1	5_0	1	69	29	3.0	0.3333333333333333	0.9992870905843856	0.999267680948678	1	1	1	1	1
CAAGTAAGTGATAGAC-1	5_6	1	69	53	1.0	0.0	0.5	0.4615286000733442	0	0	0	0	0
ACCTACTATAAATCTA-1	0_0	1	68	58	1.0	0.0	0.0	0.4998657768292399	0	0	0	0	0
GCTGAAGGGTTCTTGG-1	5_0	1	70	4	1.0	0.0	0.485596833712455	0.4788850781664903	0	0	0	0	0
TAGACTCAGTTGGCCT-1	5_0	1	70	14	11.0	0.0	0.5	0.4285518315030541	0	0	0	0	0
CAGTGTTAATCTCTCA-1	5_0	1	70	16	5.0	0.2	0.9999159752117202	0.999249204909712	1	1	1	1	1
CAGGCCAGTACCACCT-1	5_0	1	71	17	27.0	0.074074074074074	0.9999999638219954	0.9999979316450932	2	1	1	1	1
ACTACAAAGAGAGGTG-1	5_6	1	71	49	3.0	0.3333333333333333	0.9999757132221028	0.9995227128380392	1	1	1	1	1
CCTGTTCAACCTCGGG-1	5_6	1	71	51	1.0	0.0	0.5	0.4615286000733442	0	0	0	0	0
ATTGTCTGTTTCATGT-1	5_6	1	71	53	1.0	0.0	0.5	0.4615286000733442	0	0	0	0	0
CTCGAGGCAAGTTTCA-1	5_0	1	72	32	6.0	0.0	0.5	0.3758998191750018	0	0	0	0	0
GCTGGGAGCGCGTCAA-1	5_0	1	73	33	4.0	0.0	0.5	0.4578453332666371	0	0	0	0	0
GTCGGGTGAAGTACCG-1	0_0	1	72	116	1.0	0.0	0.0	0.4998657768292399	0	0	0	0	0
