ACTGATTTAGTGATTC-1	5_5	1	4	80	3.0	0.0	0.0	0.4996959662557373	0	0	0	0	0
TCGTATTTCGTCCGGA-1	5_5	1	5	81	1.0	0.0	0.0	0.4998657768292399	0	0	0	0	0
AAAGTCACTGATGTAA-1	1_0	1	10	52	1.0	0.0	0.0	0.4998657768292399	0	0	0	0	0
TGGAAGACGAACACCA-1	1_0	1	14	46	1.0	0.0	0.0	0.4999314819425199	0	0	0	0	0
ATTTAACTCGTATTAC-1	5_10	1	14	52	1.0	0.0	0.0	0.4999314819425199	0	0	0	0	0
TTATTAGGGAAGCATC-1	1_0	1	15	59	1.0	0.0	0.0	0.4998657768292399	0	0	0	0	0
GCATCCCTAACTTTGA-1	5_10	1	16	42	1.0	0.0	0.0	0.4998657768292399	0	0	0	0	0
ACACCCGAGAAATCCG-1	1_0	1	19	39	2.0	0.0	0.0	0.499821622232099	0	0	0	0	0
CACTGTCCAAGTGAGA-1	5_10	1	19	43	1.0	0.0	0.0	0.4998657768292399	0	0	0	0	0
CATAGTAGCATAGTAG-1	1_0	1	19	45	1.0	0.0	0.0	0.4998657768292399	0	0	0	0	0
GTATAGGACTCAGTAG-1	1_0	1	20	58	1.0	0.0	0.0	0.4998657768292399	0	0	0	0	0
CCCAGAGGAGGGCGTA-1	2_0	1	21	105	1.0	0.0	0.0	0.4998657768292399	0	0	0	0	0
GCAGATCCTCGCAAAT-1	4_0	1	23	13	1.0	0.0	0.0	0.4998657768292399	0	0	0	0	0
GATTCCTATACGGCGC-1	1_0	1	25	23	2.0	0.0	0.0	0.4997315536778249	0	0	0	0	0
CACACAGGGATAGATT-1	1_0	1	25	27	1.0	0.0	0.0	0.4999712177113695	0	0	0	0	0
TCTTACGGCATCCGAC-1	5_0	1	25	29	1.0	0.0	0.5	0.4850744671126977	0	0	0	0	0
GACTGCGGCACGTGTA-1	1_0	1	27	15	1.0	0.0	0.0	0.4998657768292399	0	0	0	0	0
GGTTAGTTACGGCGCC-1	1_0	1	27	23	2.0	0.0	0.0	0.4997315536778249	0	0	0	0	0
ATTCAGTAGCAGGGTC-1	1_0	1	27	25	3.0	0.0	0.0	0.4996873990912766	0	0	0	0	0
CAGTTCCGCGGGTCGA-1	5_0	1	26	26	14.0	0.0	0.5	0.3024227516518381	0	0	0	0	0
AAGAGATGAATCGGTA-1	5_0	1	27	27	5.0	0.0	0.5	0.4259272754905152	0	0	0	0	0
CGCAATTCTACAATAA-1	5_0	1	26	28	14.0	0.0	0.5	0.3024645525856945	0	0	0	0	0
TAACGCTTTGAGAGCG-1	5_0	1	27	29	2.0	0.0	0.4300065439711268	0.4701933957077644	0	0	0	0	0
AGGCTATGGTTAGCTT-1	5_0	1	26	30	2.0	0.0	0.5	0.4701866555238446	0	0	0	0	0
GAGGAATGGAGAGGTT-1	1_0	1	27	31	1.0	0.0	0.0	0.4998657768292399	0	0	0	0	0
CGCGTTCATGAAATAC-1	1_0	1	27	51	1.0	0.0	0.0	0.4998657768292399	0	0	0	0	0
GGGAATTCTGTCCAGT-1	4_0	1	28	4	1.0	0.0	0.0	0.4999314819425199	0	0	0	0	0
TACCTGCTGCACTGTG-1	1_0	1	28	22	1.0	0.0	0.0	0.4998657768292399	0	0	0	0	0
AACAATTACTCTACGC-1	1_0	1	29	25	1.0	0.0	0.0	0.4998657768292399	0	0	0	0	0
CCGCACGTGACCTCGG-1	1_0	1	28	26	1.0	0.0	0.0	0.4999314819425199	0	0	0	0	0
AACTTGCCCGTATGCA-1	1_0	1	29	27	1.0	0.0	0.0	0.4998657768292399	0	0	0	0	0
TCCTCTCCAGTTGTCC-1	1_0	1	30	20	1.0	0.0	0.0	0.4999314819425199	0	0	0	0	0
TGTGTTCGTATCCAAG-1	1_0	1	31	21	1.0	0.0	0.0	0.4999314819425199	0	0	0	0	0
GACACAAGGGAAGAAA-1	5_1	1	30	72	1.0	0.0	0.0	0.4998657768292399	0	0	0	0	0
GGACAAGTTGCAGTGA-1	1_0	1	33	7	1.0	0.0	0.0	0.4999558453986304	0	0	0	0	0
GTGAGCGTGCTGCACT-1	5_0	1	33	25	1.0	0.0	0.5	0.4850744671126977	0	0	0	0	0
CCGCGGGTACGAAGAA-1	1_0	1	32	26	1.0	0.0	0.0	0.4998657768292399	0	0	0	0	0
CGGGCAGCTAAACCGC-1	3_0	1	32	56	1.0	0.0	0.0	0.4998657768292399	0	0	0	0	0
CGGTGAAGACTAAAGT-1	5_0	1	35	23	1.0	0.0	0.5	0.4850856420439444	0	0	0	0	0
TACTGGACAGCTCGGC-1	5_0	1	35	25	8.0	0.0	0.5	0.3970255558442494	0	0	0	0	0
TTAGTAGGGCGGCGGG-1	5_0	1	34	26	2.0	0.0	0.4299889466783939	0.4701755104143364	0	0	0	0	0
GAGGCTATCAAAGTCG-1	5_0	1	35	27	1.0	0.0	0.5	0.4850856420439444	0	0	0	0	0
ATACCACGGGCAACTT-1	5_0	1	35	29	6.0	0.0	0.5	0.4114614867703791	0	0	0	0	0
AGGTAGGTACAAAGCT-1	5_0	1	35	31	1.0	0.0	0.3746244688383036	0.4850897857450595	0	0	0	0	0
TAGAAATTCACGTATA-1	1_0	1	36	10	1.0	0.0	0.0	0.4999314819425199	0	0	0	0	0
AGGTGTATCGCCATGA-1	1_0	1	37	17	1.0	0.0	0.0	0.4999314819425199	0	0	0	0	0
AAACCTCATGAAGTTG-1	5_0	1	37	19	1.0	0.0	0.4446832661774357	0.4850744671126977	0	0	0	0	0
TATAGGGTACTCATGA-1	5_0	1	36	20	1.0	0.0	0.4447009956729822	0.4850924002558103	0	0	0	0	0
CCAGCTGATGGTACTT-1	5_0	1	37	21	5.0	0.0	0.5	0.4259305912508528	0	0	0	0	0
GGCCCTCACCCACTTA-1	5_0	1	37	23	14.0	0.0	0.4676662892758068	0.3024212903828552	0	0	0	0	0
AACCAAGACTTCTCTG-1	5_0	1	36	24	7.0	0.0	0.5	0.3970302272609418	0	0	0	0	0
TCGTATTACCCATTGC-1	5_0	1	37	25	7.0	0.0	0.5	0.3970021446461767	0	0	0	0	0
ATTCGACGCCGGGCCT-1	5_0	1	36	26	9.0	0.0	0.4948050827867858	0.3688340541217839	0	0	0	0	0
GGCGCAGGACATCTTC-1	5_0	1	37	27	1.0	0.0	0.5	0.4850744671126977	0	0	0	0	0
GTACTCCCTTATCGCT-1	5_0	1	36	28	1.0	0.0	0.5	0.4850856420439444	0	0	0	0	0
AATAACAACGCTCGGC-1	5_0	1	36	30	2.0	0.0	0.5	0.4702045408649795	0	0	0	0	0
CATACCCGTACCCAGT-1	5_0	1	37	31	1.0	0.0	0.2960832553797494	0.4850933196242514	0	0	0	0	0
CGACAGTTCGCGTTAT-1	0_0	1	36	42	1.0	0.0	0.0	0.4998657768292399	0	0	0	0	0
CCGCGATTTGGTAGGT-1	1_0	1	39	9	1.0	0.0	0.0	0.4999558453986304	0	0	0	0	0
GCATACGAGGTCTTTA-1	1_0	1	38	14	1.0	0.0	0.0	0.4999314819425199	0	0	0	0	0
TCGGGATTCAAACATA-1	1_0	1	39	15	2.0	0.0	0.0	0.4997315536778249	0	0	0	0	0
GGGCCCTACGAAAGGG-1	5_0	1	38	16	1.0	0.0	0.3746101007020037	0.4850744671126977	0	0	0	0	0
CGCCAAGAAGCCGAGT-1	5_0	1	39	17	1.0	0.0	0.2960675248139697	0.4850744671126977	0	0	0	0	0
GGTACATCTGGGACGA-1	5_0	1	38	18	2.0	0.0	0.3607540443863148	0.4702045408649795	0	0	0	0	0
CCGATTCGAGGGACCC-1	5_0	1	38	20	1.0	0.0	0.5	0.4850744671126977	0	0	0	0	0
CCACTGGTGGCTGGTT-1	5_0	1	39	21	1.0	0.0	0.5	0.4850912428411627	0	0	0	0	0
GACAGGCACACACTAT-1	5_0	1	38	22	7.0	0.0	0.5	0.3970715145549969	0	0	0	0	0
TCAACGCGACCGGCAG-1	5_0	1	39	23	2.0	0.0	0.5	0.4701755104143364	0	0	0	0	0
CTACGACTAGCTATAA-1	5_0	1	38	24	4.0	0.0	0.5	0.4405776151693142	0	0	0	0	0
ATCCTGAATCGCTGCG-1	5_0	1	38	26	5.0	0.0	0.5	0.4259108534047859	0	0	0	0	0
ATAAATATTAGCAGCT-1	5_0	1	38	28	1.0	0.0	0.4446832661774357	0.4850744671126977	0	0	0	0	0
CCGGGTTCGAGGTTAC-1	0_0	1	38	32	1.0	0.0	0.0	0.4999558453986304	0	0	0	0	0
TACCTATCCCTAGAGG-1	1_0	1	40	2	1.0	0.0	0.0	0.4999314819425199	0	0	0	0	0
GCAAATGAGGACACTT-1	1_0	1	41	5	1.0	0.0	0.0	0.4998657768292399	0	0	0	0	0
CAATACGCTCTGAGGC-1	1_0	1	40	10	2.0	0.0	0.0	0.4999123989324024	0	0	0	0	0
TGGTAAGCAGGATTGA-1	1_0	1	41	11	1.0	0.0	0.0	0.4998657768292399	0	0	0	0	0
AGACCGGGAAACCCTG-1	1_0	1	41	17	1.0	0.0	0.0	0.4998657768292399	0	0	0	0	0
AGAGATCTCTAAAGCG-1	5_0	1	40	18	1.0	0.0	0.3746101007020037	0.4850744671126977	0	0	0	0	0
CCGTTCCGAATCTCGG-1	5_0	1	40	22	1.0	0.0	0.5	0.4850856420439444	0	0	0	0	0
AGCTTGATCTTAACTT-1	5_0	1	41	23	1.0	0.0	0.4446832661774357	0.4850744671126977	0	0	0	0	0
CCTGTACTCACGCCCA-1	5_0	1	40	24	1.0	0.0	0.4446998513987533	0.4850912428411627	0	0	0	0	0
CAAGGATCGCATGTTC-1	3_0	1	40	68	1.0	0.0	0.0	0.4998657768292399	0	0	0	0	0
CCGCCTTGCGATGTCG-1	1_0	1	43	7	1.0	0.0	0.0	0.4998657768292399	0	0	0	0	0
TGCAGAACTATATCGT-1	1_0	1	42	22	1.0	0.0	0.0	0.4999314819425199	0	0	0	0	0
CAGTCGGCCTAGATAT-1	1_0	1	45	3	1.0	0.0	0.0	0.4999712177113695	0	0	0	0	0
AAACTTGCAAACGTAT-1	5_0	1	45	19	1.0	0.0	0.5	0.4850940499053873	0	0	0	0	0
AGGGCGAGCAGCTGAT-1	5_0	1	44	20	6.0	0.0	0.5	0.4114323752728361	0	0	0	0	0
AACACGAGACGCGGCC-1	5_0	1	45	21	4.0	0.0	0.5	0.440590079915385	0	0	0	0	0
TGACGAATATTTCCCT-1	5_0	1	44	22	3.0	0.0	0.4773106363755655	0.4553461738492005	0	0	0	0	0
TCGGAGAGTATCGGGA-1	5_0	1	45	23	1.0	0.0	0.2960675248139697	0.4850744671126977	0	0	0	0	0
AGGCCCTAGAACGCCA-1	5_0	1	45	25	1.0	0.0	0.5	0.4850856420439444	0	0	0	0	0
TTGACATGAACGTGGA-1	0_0	1	44	32	1.0	0.0	0.0	0.4998657768292399	0	0	0	0	0
TAAGGCTGAATCCCTC-1	6_0	1	45	97	1.0	0.0	0.0	0.4998657768292399	0	0	0	0	0
TATAGCGCACGTTATC-1	1_0	1	47	7	1.0	0.0	0.0	0.4998657768292399	0	0	0	0	0
GCAACACACTAGAACT-1	5_0	1	46	16	2.0	0.0	0.1984666555397289	0.4701866555238446	0	0	0	0	0
TCCTCCTAAGACATTC-1	5_0	1	47	21	4.0	0.0	0.5	0.4405790529642202	0	0	0	0	0
AGTCGGCTCAACTTTA-1	5_0	1	47	23	2.0	0.0	0.4922088514805458	0.4701755104143364	0	0	0	0	0
CGATCTGTTGGAGGAC-1	5_0	1	46	24	2.0	1.0	0.9999996561187522	0.9999996243833827	2	1	1	1	1
ACGGGAGTGTCGGCCC-1	5_0	1	47	25	2.0	1.0	0.9999999666139612	0.9999997629957752	2	1	1	1	1
TTAACTTCAGGTAGGA-1	5_0	1	46	26	4.0	0.0	0.5	0.4405979657411401	0	0	0	0	0
CCACGGAGCCATAAGA-1	5_0	1	47	27	6.0	0.1666666666666666	0.9997463550382956	0.9988345335829236	1	1	1	1	1
ATAAACGGACCCGTAA-1	3_0	1	47	61	1.0	0.0	0.0	0.4999766232314462	0	0	0	0	0
GTCGTACCATCTCGGG-1	3_0	1	46	62	1.0	0.0	0.0	0.4998657768292399	0	0	0	0	0
ATATACATGTATGGTA-1	1_0	1	49	1	1.0	0.0	0.0	0.4998657768292399	0	0	0	0	0
GACTACAAAGCGGTGG-1	5_0	1	49	21	1.0	1.0	0.9993180904996484	0.9995662902100694	1	1	1	1	1
ACTCGTAACCCGTCCT-1	5_0	1	49	23	2.0	0.0	0.5	0.470192241380206	0	0	0	0	0
CATATGTCAGGCTACG-1	5_0	1	48	24	3.0	0.6666666666666666	0.9999998819502784	0.9999996012682684	2	1	1	1	1
GCCCGACTTCTTCCCG-1	5_0	1	49	25	14.0	0.1428571428571428	0.9999999282428602	0.9999992311335258	2	1	1	1	1
CTGGCATCCGAATGAG-1	5_0	1	48	26	14.0	0.5714285714285714	1.0	1.0	8	1	1	1	1
AAGTGCGTTAGAATCT-1	5_0	1	49	27	7.0	0.0	0.5	0.3970021446461767	0	0	0	0	0
AGAAGTGATTCGTGAT-1	5_0	1	48	28	1.0	0.0	0.5	0.4850950907658212	0	0	0	0	0
TACCTTAAGATTTCCC-1	5_0	1	49	29	1.0	0.0	0.3746205822278514	0.4850856420439444	0	0	0	0	0
GTGGCAAACAGCGGCA-1	5_0	1	50	20	1.0	1.0	0.9993812451941192	0.9998272846547624	1	1	1	1	1
AGCCGTGGCTAAATGT-1	5_0	1	50	22	1.0	0.0	0.5	0.4850856420439444	0	0	0	0	0
CTCCCTCCTTTCGATC-1	5_0	1	51	23	1.0	0.0	0.4446832661774357	0.4850744671126977	0	0	0	0	0
TTGGAAGAATACAGTC-1	5_0	1	50	24	33.0	0.0	0.4975530852862856	0.1224180955545532	0	0	0	0	0
AGTTAAGTCAACCGCT-1	5_0	1	51	25	2.0	0.0	0.5	0.4701755104143364	0	0	0	0	0
CTCATGGTAATTTGCG-1	5_0	1	50	26	29.0	0.0	0.5	0.1504631980808481	0	0	0	0	0
AAAGTAGCATTGCTCA-1	5_0	1	51	27	3.0	0.0	0.5	0.4553558227864338	0	0	0	0	0
TTGTGGTAGGAGGGAT-1	5_0	1	50	28	3.0	0.0	0.4154169547745254	0.455329517145578	0	0	0	0	0
AGTCGTGGGCATTACG-1	0_0	1	51	29	1.0	0.0	0.0	0.4998657768292399	0	0	0	0	0
TGCGAGAATATTACCC-1	0_0	1	50	40	1.0	0.0	0.0	0.4998657768292399	0	0	0	0	0
AGATTCACAACCGATA-1	5_0	1	53	13	1.0	0.0	0.4446984108460364	0.4850897857450595	0	0	0	0	0
AATCTAGGTTTACTTG-1	5_0	1	52	16	3.0	0.0	0.3471010026902955	0.4553599371150243	0	0	0	0	0
CCCGGTGTATCGGAAT-1	5_0	1	53	17	3.0	0.0	0.4154386845602061	0.4553517084639376	0	0	0	0	0
TTATCCTCAAGGAATA-1	5_0	1	52	18	25.0	0.0	0.5	0.1835450579497004	0	0	0	0	0
AGCATCATTTCGAAAG-1	5_0	1	53	19	1.0	0.0	0.5	0.4850924002558103	0	0	0	0	0
CGCGAGTCTGCCGGGT-1	5_0	1	52	20	2.0	0.0	0.4299999123101345	0.4701866555238446	0	0	0	0	0
GTATGAAATTTCACTC-1	5_0	1	52	22	1.0	0.0	0.2960675248139697	0.4850744671126977	0	0	0	0	0
ACAGAACTGAGAACAA-1	5_0	1	52	24	1.0	0.0	0.4446943141948414	0.4850856420439444	0	0	0	0	0
CTACTATCATAGGTTT-1	5_0	1	53	25	1.0	0.0	0.3746205822278514	0.4850856420439444	0	0	0	0	0
CCTCTATCGATTAGCA-1	5_0	1	52	26	1.0	0.0	0.5	0.4850744671126977	0	0	0	0	0
CCGCCGGAACTTCTCG-1	5_0	1	54	12	2.0	0.0	0.3607426584508109	0.470192241380206	0	0	0	0	0
GCCATTAGCCTCAAAC-1	5_0	1	55	13	5.0	0.2	0.9997472557261754	0.9997239374392316	1	1	1	1	1
GTTAGGCTACCCGTTT-1	5_0	1	54	14	1.0	0.0	0.5	0.4850856420439444	0	0	0	0	0
GGGTATTCTAGCAAAC-1	5_0	1	55	15	5.0	0.2	0.9999611027187134	0.9997239374392316	1	1	1	1	1
GCCCTAGCCGTCGCGA-1	5_0	1	54	16	4.0	0.0	0.5	0.4405962180456874	0	0	0	0	0
CAGATCCTGGTTTGAA-1	5_0	1	55	17	9.0	0.0	0.5	0.3688543411682634	0	0	0	0	0
GGGCAACCGCACGTGC-1	5_0	1	55	19	2.0	0.0	0.5	0.4701866555238446	0	0	0	0	0
GACCCAATTATGATAC-1	5_0	1	54	20	1.0	0.0	0.2960675248139697	0.4850744671126977	0	0	0	0	0
CGTCGGGTCTAAGCGC-1	5_0	1	54	22	1.0	0.0	0.2081407700693162	0.4850897857450595	0	0	0	0	0
TAACATACACGCGATC-1	5_0	1	55	25	2.0	0.0	0.4300175097130841	0.4702045408649795	0	0	0	0	0
CCGACGGGCATGAGGT-1	5_0	1	54	26	1.0	0.0	0.3746101007020037	0.4850744671126977	0	0	0	0	0
AATGTGCCCGAGGTGT-1	5_0	1	55	27	2.0	0.0	0.5	0.4850744671126977	0	0	0	0	0
CGAGTGAAGGTACCAG-1	5_0	1	55	29	5.0	0.4	0.9999996711496548	0.999999550713228	2	1	1	1	1
ACGAGGTTTACAACGT-1	5_0	1	57	13	11.0	0.1818181818181818	0.999998826057192	0.9999987177189936	2	1	1	1	1
AACCCATCCCATGATC-1	5_0	1	56	14	14.0	0.0714285714285714	0.9999117279756852	0.9997019096623188	1	1	1	1	1
TCGACAACTGAACCCG-1	5_0	1	57	15	8.0	0.0	0.5	0.3828585492073674	0	0	0	0	0
TATCTTGCAATACAAC-1	5_0	1	56	16	36.0	0.3888888888888889	1.0	1.0	14	1	1	1	1
TATTATGTTTGCCTGC-1	5_0	1	57	17	32.0	0.0	0.5	0.1290057675188536	0	0	0	0	0
GTCAAAGAAGTGGTGT-1	5_0	1	56	18	94.0	0.0	0.0742857161771903	0.0038666985461449	0	0	0	0	0
GGGACAGAGTTACTCC-1	5_0	1	57	19	2.0	0.0	0.5	0.4701866555238446	0	0	0	0	0
AGCAACCGAAAGTAAT-1	5_0	1	56	20	1.0	0.0	0.5	0.4850744671126977	0	0	0	0	0
CTCTCTAACTGCCTAG-1	5_0	1	57	21	3.0	0.0	0.5	0.4553572695527684	0	0	0	0	0
ATACGGAACGTCGTTT-1	5_0	1	56	22	1.0	0.0	0.3746101007020037	0.4850744671126977	0	0	0	0	0
TCGGTCCCGACAATAG-1	5_0	1	57	23	4.0	0.0	0.5	0.4406072450880965	0	0	0	0	0
TCTAATACTGCCTCAG-1	5_0	1	57	25	1.0	0.0	0.5	0.4850924002558103	0	0	0	0	0
CTCGGTTGTCGGCCCT-1	5_0	1	56	26	4.0	0.0	0.5	0.4405776151693142	0	0	0	0	0
GGTAACCGGGAGGATA-1	5_0	1	57	27	4.0	0.0	0.4624582314215739	0.4406011069251688	0	0	0	0	0
CAGGCGCACGGTGGTC-1	5_0	1	56	28	5.0	0.0	0.5	0.4258999141350381	0	0	0	0	0
TCGTCAAGTACGCGCA-1	0_0	1	56	38	1.0	0.0	0.0	0.4999644125662942	0	0	0	0	0
GTGGAGCGTTTACCGA-1	5_0	1	58	16	2.0	0.0	0.4300039784160438	0.4701907881707374	0	0	0	0	0
AGGCGGTTTGTCCCGC-1	5_0	1	59	17	17.0	0.0	0.5	0.2660645191166261	0	0	0	0	0
TCCCTGGCGTATTAAC-1	5_0	1	58	18	8.0	0.0	0.5	0.3828435153978368	0	0	0	0	0
AAACACCAATAACTGC-1	5_0	1	59	19	1.0	0.0	0.4446832661774357	0.4850744671126977	0	0	0	0	0
TGGACGCAATCCAGCC-1	5_0	1	58	20	5.0	0.0	0.5	0.4259263032874473	0	0	0	0	0
GTATCTCAGTCTTGAC-1	5_0	1	58	22	5.0	0.0	0.3205425553784575	0.4259217927470551	0	0	0	0	0
AGATGCAAGACGTGCA-1	5_0	1	58	24	5.0	0.0	0.5	0.424214032138869	0	0	0	0	0
AGTATGCTGGAGACCA-1	5_0	1	58	26	5.0	0.0	0.5	0.4259258491057238	0	0	0	0	0
GCGCAAATATATTCAA-1	5_0	1	58	28	1.0	0.0	0.3746101007020037	0.4850744671126977	0	0	0	0	0
GAAGAAACGATATTGT-1	5_0	1	59	29	1.0	0.0	0.5	0.4850744671126977	0	0	0	0	0
GGACCTCTAGGCCGCC-1	5_0	1	58	30	4.0	0.0	0.5	0.4405886421128351	0	0	0	0	0
AACAGCTGTGTGGCAA-1	5_0	1	59	31	1.0	0.0	0.5	0.4850856420439444	0	0	0	0	0
AAGATGGCACCGGACC-1	0_0	1	59	39	1.0	0.0	0.0	0.4998657768292399	0	0	0	0	0
TAGGTGACGATAACCT-1	0_0	1	61	79	1.0	0.0	0.0	0.4999644125662942	0	0	0	0	0
TGACCAAATCTTAAAC-1	5_6	1	66	62	1.0	0.0	0.0	0.4999314819425199	0	0	0	0	0
CAAGTAAGTGATAGAC-1	5_6	1	69	53	2.0	0.0	0.0	0.4997972587792181	0	0	0	0	0
CTTCGATTGCGCAAGC-1	0_0	1	68	88	1.0	0.0	0.0	0.4998657768292399	0	0	0	0	0
GCTGAAGGGTTCTTGG-1	5_0	1	70	4	3.0	0.0	0.3470833448207546	0.4553406127825882	0	0	0	0	0
TAGACTCAGTTGGCCT-1	5_0	1	70	14	7.0	0.0	0.5	0.3970368508609071	0	0	0	0	0
CAGTGTTAATCTCTCA-1	5_0	1	70	16	6.0	0.0	0.5	0.411403007779641	0	0	0	0	0
CAGGCCAGTACCACCT-1	5_0	1	71	17	29.0	0.0	0.5	0.1504353330412695	0	0	0	0	0
GCTGGGAGCGCGTCAA-1	5_0	1	73	33	1.0	0.0	0.5	0.4850744671126977	0	0	0	0	0
