CGTGCCCGACATTTGT-1	4_0	1	1	59	1.0	0.0	0.5	0.4761741925626083	0	0	0	0	0
CATTATAACAGGGTCC-1	4_0	1	1	65	1.0	0.0	0.5	0.4761741925626083	0	0	0	0	0
CGTCAGTTTATCGTCT-1	4_0	1	2	60	1.0	0.0	0.5	0.4761741925626083	0	0	0	0	0
GTCAATTGTACTGAAG-1	4_0	1	5	45	1.0	0.0	0.5	0.4761741925626083	0	0	0	0	0
GAGCCACGGTAGTAGG-1	4_0	1	9	47	1.0	1.0	0.9999714221953344	0.9994490613621968	1	1	1	1	1
ATTCTCGTCTCTTTAG-1	1_0	1	11	51	1.0	0.0	0.2053911724968493	0.495829000432284	0	0	0	0	0
CTATGTCTATTGAAAC-1	1_0	1	11	55	1.0	0.0	0.2053911724968493	0.495829000432284	0	0	0	0	0
ACTGTGCTAGTAGATC-1	4_0	1	13	31	1.0	0.0	0.5	0.4761741925626083	0	0	0	0	0
TGCGAGCCCTTCCGCG-1	6_2	1	12	102	1.0	0.0	0.0	0.4998657768292399	0	0	0	0	0
TCTTACAGAGGTACCG-1	1_0	1	15	45	1.0	0.0	0.1230260471369697	0.495829000432284	0	0	0	0	0
GTGCAACAAATGTGGC-1	1_0	1	14	62	1.0	0.0	0.2311124781019565	0.495829000432284	0	0	0	0	0
CATGCGTTAGACAGAA-1	1_0	1	15	63	1.0	0.0	0.1230260471369697	0.495829000432284	0	0	0	0	0
GGTGAGATGCAGATAA-1	4_0	1	16	36	1.0	0.0	0.5	0.4761741925626083	0	0	0	0	0
AGGACATCGCACGTCG-1	1_0	1	16	38	2.0	0.0	0.0923360207655565	0.4916585813351309	0	0	0	0	0
GCATCCCTAACTTTGA-1	5_10	1	16	42	2.0	0.0	0.5	0.4444396643695273	0	0	0	0	0
TATATTACAAATGTCG-1	2_0	1	17	107	1.0	1.0	0.9998684616973832	0.999824623286096	1	1	1	1	1
TTGAACGAATCCTTTG-1	4_0	1	19	21	1.0	0.0	0.5	0.4761741925626083	0	0	0	0	0
TCTATCATGCAGTTAC-1	5_10	1	18	40	2.0	0.5	0.999995478724548	0.9998430341677048	1	1	1	1	1
CCCGCCATGCTCCCGT-1	1_0	1	19	41	2.0	0.0	0.1763843728928751	0.4916585813351309	0	0	0	0	0
CGCTTCCACTGAAATC-1	5_10	1	18	42	2.0	0.0	0.5	0.3902346892364237	0	0	0	0	0
CACTGTCCAAGTGAGA-1	5_10	1	19	43	2.0	0.5	0.999990979222706	0.9996868717582804	1	1	1	1	1
CATAGTAGCATAGTAG-1	1_0	1	19	45	1.0	0.0	0.2801140888284127	0.495829000432284	0	0	0	0	0
TAACAAAGGGAGAAGC-1	1_0	1	21	35	2.0	0.0	0.1763843728928751	0.4916585813351309	0	0	0	0	0
TTACATCGTGGCCTGG-1	1_0	1	20	36	1.0	0.0	0.2311124781019565	0.495829000432284	0	0	0	0	0
GGCTCGTGCCACCAGC-1	1_0	1	20	38	2.0	0.0	0.1212372504214353	0.4916585813351309	0	0	0	0	0
TATAAATCCACAAGCT-1	5_10	1	20	44	1.0	0.0	0.5	0.4444396643695273	0	0	0	0	0
TTCCTCGAGGGTGTCT-1	5_10	1	21	49	1.0	0.0	0.5	0.4444396643695273	0	0	0	0	0
TGTGACTACGCCAGTC-1	0_19	1	21	73	1.0	0.0	0.0	0.4998657768292399	0	0	0	0	0
AACGCATGATCTGGGT-1	2_0	1	20	104	1.0	0.0	0.5	0.4166676866879769	0	0	0	0	0
CTAGCCGATGTTATGA-1	3_0	1	23	101	1.0	0.0	0.0	0.4998657768292399	0	0	0	0	0
TCTTACGGCATCCGAC-1	5_0	1	25	29	2.0	1.0	0.9999998930151496	0.9999997250072664	2	1	1	1	1
GAAAGTGACTAACTGC-1	1_0	1	25	31	2.0	0.0	0.1492447090003014	0.4916585813351309	0	0	0	0	0
TTACAACTACGCATCC-1	1_0	1	24	52	1.0	0.0	0.0937438835253984	0.495829000432284	0	0	0	0	0
TTATGTTTGCGATAGA-1	4_0	1	26	20	1.0	0.0	0.5	0.4761741925626083	0	0	0	0	0
GGTTAGTTACGGCGCC-1	1_0	1	27	23	1.0	0.0	0.1230260471369697	0.495829000432284	0	0	0	0	0
ATTCAGTAGCAGGGTC-1	1_0	1	27	25	5.0	0.0	0.1160049362504969	0.4791566047909008	0	0	0	0	0
CAGTTCCGCGGGTCGA-1	5_0	1	26	26	14.0	0.0	0.5	0.1966959284009385	0	0	0	0	0
AAGAGATGAATCGGTA-1	5_0	1	27	27	3.0	0.3333333333333333	0.9998884389637144	0.9993592625469944	1	1	1	1	1
CGCAATTCTACAATAA-1	5_0	1	26	28	13.0	0.1538461538461538	0.9999999437167868	0.9999991692719494	2	1	1	1	1
TAACGCTTTGAGAGCG-1	5_0	1	27	29	1.0	0.0	0.5	0.4748948028672181	0	0	0	0	0
AGGCTATGGTTAGCTT-1	5_0	1	26	30	1.0	1.0	0.9998464226751554	0.9994758772808708	1	1	1	1	1
GAGGAATGGAGAGGTT-1	1_0	1	27	31	2.0	0.0	0.1788212634027484	0.495829000432284	0	0	0	0	0
TCCTCTACGAGATGGC-1	1_0	1	26	32	1.0	0.0	0.2801296881950618	0.4958483384020614	0	0	0	0	0
TCAGTACTGACCCGCG-1	1_0	1	26	34	1.0	0.0	0.1513755581009564	0.495829000432284	0	0	0	0	0
ATCTGGTTAAGACTGT-1	3_0	1	26	76	1.0	0.0	0.0	0.4998657768292399	0	0	0	0	0
TAATAGTGACGACCAG-1	5_1	1	27	83	2.0	0.0	0.0	0.4997315536778249	0	0	0	0	0
GATCCTAAATCGGGAC-1	5_1	1	27	95	1.0	0.0	0.0	0.4998657768292399	0	0	0	0	0
CCTCACCTTAGCATCG-1	5_1	1	27	97	1.0	0.0	0.0	0.4998657768292399	0	0	0	0	0
GGGAATTCTGTCCAGT-1	4_0	1	28	4	1.0	0.0	0.5	0.4761741925626083	0	0	0	0	0
AAGTGCAAAGGTAGAC-1	4_0	1	28	10	1.0	0.0	0.5	0.4761741925626083	0	0	0	0	0
TATGAAGACAGGTGCG-1	1_0	1	29	21	1.0	0.0	0.0937438835253984	0.495829000432284	0	0	0	0	0
TACCTGCTGCACTGTG-1	1_0	1	28	22	1.0	0.0	0.1230260471369697	0.495829000432284	0	0	0	0	0
GAAACTCGTGCGATGC-1	1_0	1	28	24	3.0	0.0	0.1471386542637343	0.4874893228560162	0	0	0	0	0
CCGCACGTGACCTCGG-1	1_0	1	28	26	1.0	0.0	0.1230260471369697	0.495829000432284	0	0	0	0	0
AACAGGATGGGCCGCG-1	1_0	1	29	31	1.0	0.0	0.0937438835253984	0.495829000432284	0	0	0	0	0
TTGATCTAACTTTGTC-1	1_0	1	29	47	1.0	0.0	0.0937438835253984	0.495829000432284	0	0	0	0	0
ACAATTTGAGCAGTGG-1	5_1	1	28	82	1.0	0.0	0.0	0.4999314819425199	0	0	0	0	0
GACTCGCGGGAATGAC-1	5_1	1	28	96	1.0	0.0	0.0	0.4998657768292399	0	0	0	0	0
AGGGAGACATACTTCG-1	6_1	1	29	113	1.0	0.0	0.0	0.4998657768292399	0	0	0	0	0
TCCTCTCCAGTTGTCC-1	1_0	1	30	20	1.0	0.0	0.1230260471369697	0.495829000432284	0	0	0	0	0
TGTGTTCGTATCCAAG-1	1_0	1	31	21	1.0	0.0	0.2311124781019565	0.495829000432284	0	0	0	0	0
TACAAGTCTCGTGCAT-1	1_0	1	31	27	1.0	0.0	0.2053911724968493	0.495829000432284	0	0	0	0	0
TCGGAATGCGCTCTGA-1	1_0	1	30	28	3.0	0.0	0.1471386542637343	0.4874893228560162	0	0	0	0	0
GGCGTCCTATCCGCTG-1	1_0	1	31	33	1.0	0.0	0.1230260471369697	0.495829000432284	0	0	0	0	0
TGCGCAAAGCATTTGG-1	0_19	1	31	67	1.0	0.0	0.0	0.4998657768292399	0	0	0	0	0
ACTGTACGATACACAT-1	5_1	1	30	78	2.0	0.0	0.0	0.4997315536778249	0	0	0	0	0
CTAACGAAACTTGCTG-1	0_19	1	30	94	1.0	0.0	0.0	0.4998657768292399	0	0	0	0	0
TTAAACTCGAATTCAT-1	5_1	1	31	95	1.0	0.0	0.0	0.4998657768292399	0	0	0	0	0
ATGGCAGCCGAGAAAC-1	1_0	1	33	9	1.0	0.0	0.2053911724968493	0.495829000432284	0	0	0	0	0
TAGATTCCTGGTTATT-1	1_0	1	32	20	1.0	0.0	0.1513755581009564	0.495829000432284	0	0	0	0	0
GTGAGCGTGCTGCACT-1	5_0	1	33	25	2.0	0.0	0.5	0.4499158720127481	0	0	0	0	0
TCCCTGGCTCGCTGGA-1	5_0	1	33	27	2.0	0.0	0.5	0.4499158720127481	0	0	0	0	0
GGGCTGCCTAGGGCGA-1	0_19	1	33	69	1.0	0.0	0.0	0.4998657768292399	0	0	0	0	0
TCGGAGTACATGAGTA-1	5_1	1	32	74	1.0	0.0	0.0	0.4998657768292399	0	0	0	0	0
GTGTGAATAACTTAGG-1	0_19	1	33	83	1.0	0.0	0.0	0.4998657768292399	0	0	0	0	0
CGGCAGGGTCGGGTTG-1	5_1	1	32	94	1.0	0.0	0.0	0.4998657768292399	0	0	0	0	0
AGTACGGCCCGTATCG-1	1_0	1	35	11	1.0	0.0	0.1230260471369697	0.495829000432284	0	0	0	0	0
AGCACTACCGGCCTGT-1	0_0	1	34	20	1.0	0.0	0.5	0.4583245647106958	0	0	0	0	0
CGGTGAAGACTAAAGT-1	5_0	1	35	23	3.0	0.3333333333333333	0.9997506260145864	0.9993592625469944	1	1	1	1	1
CCCTGCGCTACGCATA-1	5_0	1	34	24	2.0	0.0	0.5	0.4499158720127481	0	0	0	0	0
TACTGGACAGCTCGGC-1	5_0	1	35	25	7.0	0.0	0.5	0.3536503639802106	0	0	0	0	0
TTAGTAGGGCGGCGGG-1	5_0	1	34	26	1.0	0.0	0.5	0.474902579971175	0	0	0	0	0
GAGGCTATCAAAGTCG-1	5_0	1	35	27	2.0	0.0	0.5	0.4499158720127481	0	0	0	0	0
TTACCATTGATTACCC-1	5_0	1	34	28	1.0	0.0	0.5	0.4748948028672181	0	0	0	0	0
ATACCACGGGCAACTT-1	5_0	1	35	29	3.0	0.0	0.5	0.4251869462082284	0	0	0	0	0
AGTGAGACTTCCAGTA-1	0_19	1	35	87	1.0	0.0	0.0	0.4998657768292399	0	0	0	0	0
AGGGTGCTCTCGAGGG-1	0_19	1	34	92	1.0	0.0	0.0	0.4998657768292399	0	0	0	0	0
CAAGGTCCTATAGGCT-1	6_1	1	34	110	1.0	0.0	0.0	0.4998657768292399	0	0	0	0	0
TATAGGGTACTCATGA-1	5_0	1	36	20	2.0	0.0	0.5	0.4499158720127481	0	0	0	0	0
CCAGCTGATGGTACTT-1	5_0	1	37	21	3.0	0.3333333333333333	0.9999565630547536	0.9993592625469944	1	1	1	1	1
AATATTGGAGTATTGA-1	5_0	1	36	22	2.0	0.0	0.5	0.4499158720127481	0	0	0	0	0
GGCCCTCACCCACTTA-1	5_0	1	37	23	4.0	0.5	0.99999994149114	0.9999996637835246	2	1	1	1	1
AACCAAGACTTCTCTG-1	5_0	1	36	24	6.0	0.0	0.5	0.3536574927966298	0	0	0	0	0
TCGTATTACCCATTGC-1	5_0	1	37	25	2.0	0.0	0.5	0.4499158720127481	0	0	0	0	0
ATTCGACGCCGGGCCT-1	5_0	1	36	26	3.0	0.0	0.5	0.4251869462082284	0	0	0	0	0
GGCGCAGGACATCTTC-1	5_0	1	37	27	5.0	0.0	0.5	0.3769471086532974	0	0	0	0	0
GTACTCCCTTATCGCT-1	5_0	1	36	28	3.0	0.3333333333333333	0.9997506260145864	0.9993592625469944	1	1	1	1	1
AATAACAACGCTCGGC-1	5_0	1	36	30	8.0	0.0	0.5	0.3091681255097565	0	0	0	0	0
TCGGGATTCAAACATA-1	1_0	1	39	15	1.0	0.0	0.0937438835253984	0.495829000432284	0	0	0	0	0
CCGATTCGAGGGACCC-1	5_0	1	38	20	4.0	0.5	0.999999869200366	0.99999966379401	2	1	1	1	1
CCACTGGTGGCTGGTT-1	5_0	1	39	21	1.0	0.0	0.5	0.474902579971175	0	0	0	0	0
GACAGGCACACACTAT-1	5_0	1	38	22	2.0	0.0	0.5	0.4499158720127481	0	0	0	0	0
TCAACGCGACCGGCAG-1	5_0	1	39	23	2.0	0.0	0.5	0.4499158720127481	0	0	0	0	0
CTACGACTAGCTATAA-1	5_0	1	38	24	17.0	0.0588235294117647	0.999940206854062	0.9978629427263744	1	1	1	1	1
CGGTTGACCTGGCATA-1	5_0	1	39	25	3.0	0.0	0.5	0.4251869462082284	0	0	0	0	0
ATCCTGAATCGCTGCG-1	5_0	1	38	26	1.0	0.0	0.5	0.474902579971175	0	0	0	0	0
ATAAATATTAGCAGCT-1	5_0	1	38	28	1.0	0.0	0.5	0.4748948028672181	0	0	0	0	0
CATACGGCGTCTGGGC-1	3_0	1	39	63	1.0	0.0	0.0	0.4998657768292399	0	0	0	0	0
GTCGGGAACATGGTAG-1	1_0	1	40	4	1.0	0.0	0.0937438835253984	0.495829000432284	0	0	0	0	0
CAATACGCTCTGAGGC-1	1_0	1	40	10	1.0	0.0	0.0937438835253984	0.495829000432284	0	0	0	0	0
TGGTAAGCAGGATTGA-1	1_0	1	41	11	1.0	0.0	0.0937438835253984	0.495829000432284	0	0	0	0	0
AGACCGGGAAACCCTG-1	1_0	1	41	17	1.0	0.0	0.0937438835253984	0.495829000432284	0	0	0	0	0
CCCTGCCCAATCCGCT-1	1_0	1	41	19	1.0	0.0	0.0937438835253984	0.495829000432284	0	0	0	0	0
CCGTTCCGAATCTCGG-1	5_0	1	40	22	1.0	0.0	0.5	0.4748948028672181	0	0	0	0	0
CTCAGATTGTGATAAG-1	1_0	1	43	5	1.0	0.0	0.0937438835253984	0.495829000432284	0	0	0	0	0
CTTATGCGCTCAGGGC-1	1_0	1	43	11	1.0	0.0	0.0634993616893472	0.495829000432284	0	0	0	0	0
TGCAGATCGTCCTAGG-1	1_0	1	42	18	1.0	0.0	0.0937438835253984	0.495829000432284	0	0	0	0	0
TGCCAAAGTCAGACTT-1	1_0	1	43	19	1.0	0.0	0.0937438835253984	0.495829000432284	0	0	0	0	0
TTGACTACCATATGGT-1	0_0	1	43	41	1.0	0.0	0.4789619922026718	0.4583245647106958	0	0	0	0	0
GGCGAAATCTAACTTG-1	6_0	1	43	87	1.0	0.0	0.0	0.4998657768292399	0	0	0	0	0
GCTAGACCGTCTACTG-1	6_0	1	42	104	1.0	0.0	0.0	0.4998657768292399	0	0	0	0	0
ACGTCTCGTTCCGGGA-1	1_0	1	44	6	1.0	1.0	0.9575483841435628	0.9969526995903852	1	1	1	1	1
AAACTTGCAAACGTAT-1	5_0	1	45	19	5.0	0.0	0.5	0.3769471086532974	0	0	0	0	0
AGGGCGAGCAGCTGAT-1	5_0	1	44	20	5.0	0.2	0.9998636046537164	0.9992167219406451	1	1	1	1	1
AACACGAGACGCGGCC-1	5_0	1	45	21	25.0	0.04	0.999914675644038	0.994183340277919	1	1	1	1	1
TGACGAATATTTCCCT-1	5_0	1	44	22	3.0	0.0	0.5	0.4251869462082284	0	0	0	0	0
TCGGAGAGTATCGGGA-1	5_0	1	45	23	1.0	0.0	0.4458265786058875	0.4748948028672181	0	0	0	0	0
AGGCCCTAGAACGCCA-1	5_0	1	45	25	4.0	0.0	0.5	0.4008268159695456	0	0	0	0	0
TCACCCTCTTAAGATT-1	3_0	1	45	59	1.0	0.0	0.0	0.4998657768292399	0	0	0	0	0
CTTTAGTGCTATTATT-1	3_0	1	44	64	1.0	0.0	0.0	0.4998657768292399	0	0	0	0	0
TATAGCGCACGTTATC-1	1_0	1	47	7	1.0	0.0	0.0634993616893472	0.495829000432284	0	0	0	0	0
GCCAAGAATACTTCTG-1	1_0	1	46	10	1.0	0.0	0.0634993616893472	0.495829000432284	0	0	0	0	0
ACAGTAATACAACTTG-1	1_0	1	46	14	2.0	0.0	0.1212372504214353	0.4916585813351309	0	0	0	0	0
AGGTCAGGTGAGAGTG-1	5_0	1	46	20	1.0	0.0	0.5	0.4748948028672181	0	0	0	0	0
TCCTCCTAAGACATTC-1	5_0	1	47	21	9.0	0.1111111111111111	0.99965688795607	0.998829575885136	1	1	1	1	1
ATGTGAAAGCCTAATG-1	5_0	1	46	22	2.0	0.0	0.5	0.4499158720127481	0	0	0	0	0
AGTCGGCTCAACTTTA-1	5_0	1	47	23	5.0	0.2	0.999695132384332	0.9992167463492372	1	1	1	1	1
CGATCTGTTGGAGGAC-1	5_0	1	46	24	3.0	0.0	0.5	0.4251869462082284	0	0	0	0	0
ACGGGAGTGTCGGCCC-1	5_0	1	47	25	19.0	0.0526315789473684	0.9999191669501224	0.9971130691927445	1	1	1	1	1
TTAACTTCAGGTAGGA-1	5_0	1	46	26	18.0	0.0555555555555555	0.99980389628095	0.9971133385047226	1	1	1	1	1
CCACGGAGCCATAAGA-1	5_0	1	47	27	9.0	0.0	0.5	0.2881232262428283	0	0	0	0	0
CTTCTATGTTGAAGTA-1	5_0	1	46	28	1.0	0.0	0.4458265786058875	0.4748948028672181	0	0	0	0	0
CACCGTTGCGCGATAT-1	5_0	1	47	29	2.0	0.0	0.4458265786058875	0.4748948028672181	0	0	0	0	0
AGTTTGGCCAGACCTA-1	0_0	1	47	31	1.0	0.0	0.4789619922026718	0.4583245647106958	0	0	0	0	0
GACTACAAAGCGGTGG-1	5_0	1	49	21	2.0	0.0	0.5	0.4499158720127481	0	0	0	0	0
CAGCTGGCGTAACCGT-1	5_0	1	48	22	4.0	0.25	0.9996246438096272	0.999291565683563	1	1	1	1	1
ACTCGTAACCCGTCCT-1	5_0	1	49	23	7.0	0.0	0.5	0.3310353711206317	0	0	0	0	0
CATATGTCAGGCTACG-1	5_0	1	48	24	11.0	0.0909090909090909	0.9998780604894608	0.9985693680923574	1	1	1	1	1
GCCCGACTTCTTCCCG-1	5_0	1	49	25	19.0	0.1052631578947368	0.999999977856028	0.9999984817196343	2	1	1	1	1
CTGGCATCCGAATGAG-1	5_0	1	48	26	19.0	0.0	0.5	0.1290292097115797	0	0	0	0	0
AAGTGCGTTAGAATCT-1	5_0	1	49	27	5.0	0.2	0.9999781133713916	0.9992167219406451	1	1	1	1	1
AGAAGTGATTCGTGAT-1	5_0	1	48	28	5.0	0.2	0.9996951228791712	0.9992167219406451	1	1	1	1	1
TACCTTAAGATTTCCC-1	5_0	1	49	29	1.0	0.0	0.5	0.4748948028672181	0	0	0	0	0
AATGACAGCAATGTCT-1	0_0	1	48	30	1.0	0.0	0.5	0.4583245647106958	0	0	0	0	0
ATCAAACGAAGGTTTG-1	0_0	1	49	33	1.0	1.0	0.9997002574474972	0.9996743622053368	1	1	1	1	1
GCCCGCGCGTAAACGG-1	0_0	1	49	41	1.0	0.0	0.5	0.4583245647106958	0	0	0	0	0
AATAGAATCTGTTTCA-1	2_0	1	48	86	1.0	0.0	0.4878059265891123	0.4166676866879769	0	0	0	0	0
AGGCATTGTCGTAGGG-1	2_0	1	49	99	1.0	0.0	0.5	0.4166676866879769	0	0	0	0	0
AATCTGGCTTTCTAGT-1	5_0	1	51	15	1.0	0.0	0.4458265786058875	0.4748948028672181	0	0	0	0	0
GGATCTTGACTCAACC-1	5_0	1	51	17	3.0	0.0	0.5	0.4251869462082284	0	0	0	0	0
GAGTTGATGGCAATTT-1	5_0	1	51	19	2.0	0.0	0.5	0.4499158720127481	0	0	0	0	0
GTGGCAAACAGCGGCA-1	5_0	1	50	20	1.0	0.0	0.3233547989516395	0.4748948028672181	0	0	0	0	0
GATGTAACGAACCACC-1	5_0	1	51	21	1.0	0.0	0.5	0.4748948028672181	0	0	0	0	0
AGCCGTGGCTAAATGT-1	5_0	1	50	22	6.0	0.0	0.5	0.3536503639802106	0	0	0	0	0
CTCCCTCCTTTCGATC-1	5_0	1	51	23	3.0	0.3333333333333333	0.9996605230665144	0.9993592625469944	1	1	1	1	1
TTGGAAGAATACAGTC-1	5_0	1	50	24	15.0	0.0666666666666666	0.999940206854062	0.9978629427263744	1	1	1	1	1
AGTTAAGTCAACCGCT-1	5_0	1	51	25	7.0	0.1428571428571428	0.9998332429650216	0.9990425016539426	1	1	1	1	1
CTCATGGTAATTTGCG-1	5_0	1	50	26	32.0	0.4375	1.0	1.0	14	1	1	1	1
AAAGTAGCATTGCTCA-1	5_0	1	51	27	11.0	0.0	0.5	0.248699873112118	0	0	0	0	0
TTGTGGTAGGAGGGAT-1	5_0	1	50	28	2.0	0.5	0.9996929737781476	0.9994204941566508	1	1	1	1	1
GCTGCTACTGCGTAGC-1	2_0	1	51	75	1.0	0.0	0.4878059265891123	0.4166676866879769	0	0	0	0	0
GCAGATCCATAAGACT-1	2_0	1	51	85	1.0	0.0	0.4878059265891123	0.4166676866879769	0	0	0	0	0
CCCAGTAAACTTGGGA-1	5_0	1	52	12	1.0	1.0	0.9994108368710344	0.9994758772808708	1	1	1	1	1
AGATTCACAACCGATA-1	5_0	1	53	13	2.0	0.0	0.5	0.4499158720127481	0	0	0	0	0
AGAAGGTACACTTCAC-1	5_0	1	52	14	1.0	0.0	0.5	0.4748948028672181	0	0	0	0	0
GCAGGAACTTAGATCT-1	5_0	1	53	15	2.0	0.0	0.5	0.4499158720127481	0	0	0	0	0
AATCTAGGTTTACTTG-1	5_0	1	52	16	1.0	0.0	0.5	0.4748948028672181	0	0	0	0	0
CCCGGTGTATCGGAAT-1	5_0	1	53	17	4.0	0.0	0.5	0.4008268159695456	0	0	0	0	0
TTATCCTCAAGGAATA-1	5_0	1	52	18	10.0	0.1	0.99994388439537	0.998706042898182	1	1	1	1	1
AGCATCATTTCGAAAG-1	5_0	1	53	19	3.0	0.0	0.5	0.4251869462082284	0	0	0	0	0
CGCGAGTCTGCCGGGT-1	5_0	1	52	20	2.0	0.0	0.5	0.4499158720127481	0	0	0	0	0
TGCGTCATGACTGAGC-1	5_0	1	53	21	2.0	0.0	0.3017660442991742	0.4499158720127481	0	0	0	0	0
GTATGAAATTTCACTC-1	5_0	1	52	22	1.0	0.0	0.4458265786058875	0.4748948028672181	0	0	0	0	0
ACAGAACTGAGAACAA-1	5_0	1	52	24	1.0	0.0	0.5	0.4748948028672181	0	0	0	0	0
CTACTATCATAGGTTT-1	5_0	1	53	25	1.0	0.0	0.5	0.4748948028672181	0	0	0	0	0
CCTCTATCGATTAGCA-1	5_0	1	52	26	1.0	0.0	0.5	0.4748948028672181	0	0	0	0	0
TCACGATGTCCGTGGA-1	5_0	1	52	28	1.0	0.0	0.4458265786058875	0.4748948028672181	0	0	0	0	0
CCGCCGGAACTTCTCG-1	5_0	1	54	12	2.0	0.5	0.9995661958726024	0.9994205122189544	1	1	1	1	1
GCCATTAGCCTCAAAC-1	5_0	1	55	13	3.0	0.0	0.5	0.4251869462082284	0	0	0	0	0
GTTAGGCTACCCGTTT-1	5_0	1	54	14	3.0	0.0	0.5	0.4251869462082284	0	0	0	0	0
GGGTATTCTAGCAAAC-1	5_0	1	55	15	18.0	0.3333333333333333	1.0	1.0	6	1	1	1	1
GCCCTAGCCGTCGCGA-1	5_0	1	54	16	3.0	0.3333333333333333	0.9998122369856128	0.9993592625469944	1	1	1	1	1
CAGATCCTGGTTTGAA-1	5_0	1	55	17	8.0	0.0	0.5	0.3091614645267406	0	0	0	0	0
CTTCAGTGGTCGCCTA-1	5_0	1	54	18	2.0	0.0	0.4211503345104808	0.4499158720127481	0	0	0	0	0
GGGCAACCGCACGTGC-1	5_0	1	55	19	8.0	0.125	0.9996896957158528	0.9989414059750203	1	1	1	1	1
GAGGCCCGACTCCGCA-1	5_0	1	55	23	1.0	0.0	0.3233547989516395	0.4748948028672181	0	0	0	0	0
TAACATACACGCGATC-1	5_0	1	55	25	2.0	0.5	0.9996929737781476	0.9994204941566508	1	1	1	1	1
CCGACGGGCATGAGGT-1	5_0	1	54	26	1.0	0.0	0.5	0.4748948028672181	0	0	0	0	0
AATGTGCCCGAGGTGT-1	5_0	1	55	27	6.0	0.0	0.5	0.3536503639802106	0	0	0	0	0
AGCTGTAACCTCAATC-1	5_0	1	54	28	2.0	0.0	0.5	0.4499235905488096	0	0	0	0	0
CGAGTGAAGGTACCAG-1	5_0	1	55	29	4.0	0.25	0.9997923890158326	0.999291565683563	1	1	1	1	1
AGTCTCACAAGACTAC-1	5_0	1	54	30	1.0	0.0	0.4458265786058875	0.4748948028672181	0	0	0	0	0
ACGAGGTTTACAACGT-1	5_0	1	57	13	8.0	0.125	0.999587896424276	0.998941418203874	1	1	1	1	1
AACCCATCCCATGATC-1	5_0	1	56	14	11.0	0.0909090909090909	0.9998780604894608	0.9985693680923574	1	1	1	1	1
TCGACAACTGAACCCG-1	5_0	1	57	15	19.0	0.0526315789473684	0.9995640616158068	0.996808809475526	1	1	1	1	1
TATCTTGCAATACAAC-1	5_0	1	56	16	65.0	0.1076923076923077	1.0	1.0	7	1	1	1	1
TATTATGTTTGCCTGC-1	5_0	1	57	17	41.0	0.0975609756097561	0.9999999999999704	0.9999999999968836	4	1	1	1	1
GTCAAAGAAGTGGTGT-1	5_0	1	56	18	70.0	0.0428571428571428	0.9999999993938936	0.9999998788388368	3	1	1	1	1
GGGACAGAGTTACTCC-1	5_0	1	57	19	4.0	0.0	0.5	0.4251869462082284	0	0	0	0	0
AGCAACCGAAAGTAAT-1	5_0	1	56	20	4.0	0.25	0.9997242756923944	0.9992915877615198	1	1	1	1	1
CTCTCTAACTGCCTAG-1	5_0	1	57	21	3.0	0.0	0.5	0.4251869462082284	0	0	0	0	0
ATACGGAACGTCGTTT-1	5_0	1	56	22	2.0	0.0	0.5	0.4499158720127481	0	0	0	0	0
TCGGTCCCGACAATAG-1	5_0	1	57	23	2.0	0.0	0.5	0.4499158720127481	0	0	0	0	0
CGCGCAAATGTCCAGA-1	5_0	1	56	24	3.0	0.0	0.5	0.4251945684266361	0	0	0	0	0
TCTAATACTGCCTCAG-1	5_0	1	57	25	4.0	0.0	0.5	0.4008268159695456	0	0	0	0	0
CTCGGTTGTCGGCCCT-1	5_0	1	56	26	5.0	0.0	0.5	0.4008268159695456	0	0	0	0	0
GGTAACCGGGAGGATA-1	5_0	1	57	27	2.0	0.0	0.5	0.4499158720127481	0	0	0	0	0
CAGGCGCACGGTGGTC-1	5_0	1	56	28	14.0	0.0714285714285714	0.9999391397724922	0.9982514668123356	1	1	1	1	1
TCATCGATGGTCCCAA-1	5_0	1	57	29	1.0	0.0	0.5	0.4748948028672181	0	0	0	0	0
CAAAGATTATTGGGCC-1	5_0	1	56	30	1.0	0.0	0.4458265786058875	0.4748948028672181	0	0	0	0	0
TGCTCGGCGAAACCCA-1	0_0	1	57	61	1.0	0.0	0.4789619922026718	0.4583245647106958	0	0	0	0	0
CATGGGTATGCCTTAT-1	2_0	1	56	82	1.0	1.0	0.9998684616973832	0.999824623286096	1	1	1	1	1
GTGGAGCGTTTACCGA-1	5_0	1	58	16	6.0	0.0	0.5	0.3536503639802106	0	0	0	0	0
AGGCGGTTTGTCCCGC-1	5_0	1	59	17	11.0	0.0909090909090909	0.9999224951688704	0.9985693680923574	1	1	1	1	1
TCCCTGGCGTATTAAC-1	5_0	1	58	18	5.0	0.0	0.5	0.3769544332013007	0	0	0	0	0
AAACACCAATAACTGC-1	5_0	1	59	19	1.0	0.0	0.5	0.4748948028672181	0	0	0	0	0
TGGACGCAATCCAGCC-1	5_0	1	58	20	12.0	0.0833333333333333	0.9998299007574614	0.9984183965724506	1	1	1	1	1
GTATCTCAGTCTTGAC-1	5_0	1	58	22	2.0	0.0	0.5	0.4499158720127481	0	0	0	0	0
AGATGCAAGACGTGCA-1	5_0	1	58	24	7.0	0.0	0.5	0.3310284647624515	0	0	0	0	0
AGTATGCTGGAGACCA-1	5_0	1	58	26	17.0	0.0588235294117647	0.9998583572611802	0.9973883956845014	1	1	1	1	1
GCGCAAATATATTCAA-1	5_0	1	58	28	2.0	0.0	0.5	0.4499158720127481	0	0	0	0	0
GAAGAAACGATATTGT-1	5_0	1	59	29	2.0	0.5	0.9998699201154418	0.9994204941566508	1	1	1	1	1
GGACCTCTAGGCCGCC-1	5_0	1	58	30	4.0	0.25	0.9999396567215432	0.999291565683563	1	1	1	1	1
CTACAAGAAATAACCC-1	0_0	1	58	40	1.0	0.0	0.4789619922026718	0.4583245647106958	0	0	0	0	0
CCTGGTCGAATGTGGG-1	0_0	1	59	69	1.0	0.0	0.4789619922026718	0.4583245647106958	0	0	0	0	0
TGCGACGGCCGAACGT-1	0_0	1	60	32	1.0	0.0	0.4789619922026718	0.4583245647106958	0	0	0	0	0
CGTTCAGACCCGCGAA-1	5_6	1	65	61	1.0	0.0	0.0	0.4998657768292399	0	0	0	0	0
GAACAACTGGGATGAA-1	0_0	1	67	85	1.0	0.0	0.2732849108841991	0.4583245647106958	0	0	0	0	0
CCCTCGATAATACACA-1	5_0	1	69	29	3.0	0.0	0.4970453602425618	0.4251869462082284	0	0	0	0	0
ACCTACTATAAATCTA-1	0_0	1	68	58	1.0	0.0	0.5	0.4583245647106958	0	0	0	0	0
TAGACTCAGTTGGCCT-1	5_0	1	70	14	10.0	0.1	0.9998897190213596	0.9987059876502328	1	1	1	1	1
CAGTGTTAATCTCTCA-1	5_0	1	70	16	5.0	0.0	0.5	0.3769471086532974	0	0	0	0	0
CAGGCCAGTACCACCT-1	5_0	1	71	17	27.0	0.074074074074074	0.9999999739922006	0.9999966074300082	2	1	1	1	1
GTATCTCGGGCGCTTT-1	5_0	1	71	19	1.0	0.0	0.5	0.4748948028672181	0	0	0	0	0
ACTACAAAGAGAGGTG-1	5_6	1	71	49	3.0	0.0	0.0	0.4995973305651003	0	0	0	0	0
CCTGTTCAACCTCGGG-1	5_6	1	71	51	1.0	0.0	0.0	0.4998657768292399	0	0	0	0	0
ATTGTCTGTTTCATGT-1	5_6	1	71	53	1.0	0.0	0.0	0.4998657768292399	0	0	0	0	0
CTCGAGGCAAGTTTCA-1	5_0	1	72	32	6.0	0.0	0.5	0.3536646216781209	0	0	0	0	0
GCTGGGAGCGCGTCAA-1	5_0	1	73	33	4.0	0.0	0.5	0.4008268159695456	0	0	0	0	0
GTCGGGTGAAGTACCG-1	0_0	1	72	116	1.0	1.0	0.999838263710113	0.9996743622053368	1	1	1	1	1
