CATTATAACAGGGTCC-1	4_0	1	1	65	1.0	0.0	0.0	0.4998657768292399	0	0	0	0	0
GAGCCACGGTAGTAGG-1	4_0	1	9	47	1.0	0.0	0.0	0.4998657768292399	0	0	0	0	0
TGCGAGCCCTTCCGCG-1	6_2	1	12	102	1.0	0.0	0.0	0.4998657768292399	0	0	0	0	0
GTGCAACAAATGTGGC-1	1_0	1	14	62	1.0	0.0	0.4908041342050014	0.4893349575237758	0	0	0	0	0
CATGCGTTAGACAGAA-1	1_0	1	15	63	1.0	0.0	0.2851568658092575	0.4893349575237758	0	0	0	0	0
AGGACATCGCACGTCG-1	1_0	1	16	38	1.0	0.0	0.2222821669014362	0.4893349575237758	0	0	0	0	0
TTGAACGAATCCTTTG-1	4_0	1	19	21	1.0	0.0	0.0	0.4998657768292399	0	0	0	0	0
TCTATCATGCAGTTAC-1	5_10	1	18	40	1.0	0.0	0.0	0.4998657768292399	0	0	0	0	0
CACTGTCCAAGTGAGA-1	5_10	1	19	43	1.0	0.0	0.0	0.4998657768292399	0	0	0	0	0
CATAGTAGCATAGTAG-1	1_0	1	19	45	1.0	0.0	0.5	0.4893349575237758	0	0	0	0	0
TTACATCGTGGCCTGG-1	1_0	1	20	36	1.0	1.0	0.9988058171594149	0.9987987843030643	1	1	1	1	1
GGCTCGTGCCACCAGC-1	1_0	1	20	38	1.0	0.0	0.2851568658092575	0.4893349575237758	0	0	0	0	0
TATAAATCCACAAGCT-1	5_10	1	20	44	1.0	0.0	0.0	0.4998657768292399	0	0	0	0	0
AACGCATGATCTGGGT-1	2_0	1	20	104	1.0	0.0	0.0	0.4998657768292399	0	0	0	0	0
CTAGCCGATGTTATGA-1	3_0	1	23	101	1.0	0.0	0.0	0.4998657768292399	0	0	0	0	0
TCTTACGGCATCCGAC-1	5_0	1	25	29	1.0	0.0	0.4487378503992136	0.4874258403826355	0	0	0	0	0
ATTCAGTAGCAGGGTC-1	1_0	1	27	25	2.0	0.0	0.2765398899020945	0.4786796152368217	0	0	0	0	0
CAGTTCCGCGGGTCGA-1	5_0	1	26	26	4.0	0.0	0.5	0.4498618277814871	0	0	0	0	0
CGCAATTCTACAATAA-1	5_0	1	26	28	6.0	0.0	0.5	0.4374454171552316	0	0	0	0	0
TAACGCTTTGAGAGCG-1	5_0	1	27	29	1.0	0.0	0.3906757952552578	0.4874258403826355	0	0	0	0	0
GAGGAATGGAGAGGTT-1	1_0	1	27	31	1.0	0.0	0.3964548583152273	0.4893349575237758	0	0	0	0	0
TCCTCTACGAGATGGC-1	1_0	1	26	32	1.0	0.0	0.5	0.489348297987538	0	0	0	0	0
TAATAGTGACGACCAG-1	5_1	1	27	83	1.0	0.0	0.0	0.4998657768292399	0	0	0	0	0
CCTCACCTTAGCATCG-1	5_1	1	27	97	1.0	0.0	0.0	0.4998657768292399	0	0	0	0	0
GAAACTCGTGCGATGC-1	1_0	1	28	24	1.0	0.0	0.3430926074797632	0.4893349575237758	0	0	0	0	0
CCGCACGTGACCTCGG-1	1_0	1	28	26	1.0	0.0	0.2851568658092575	0.4893349575237758	0	0	0	0	0
TTGATCTAACTTTGTC-1	1_0	1	29	47	1.0	0.0	0.2222821669014362	0.4893349575237758	0	0	0	0	0
ACAATTTGAGCAGTGG-1	5_1	1	28	82	1.0	0.0	0.0	0.4999314819425199	0	0	0	0	0
AGGGAGACATACTTCG-1	6_1	1	29	113	1.0	0.0	0.0	0.4998657768292399	0	0	0	0	0
TCCTCTCCAGTTGTCC-1	1_0	1	30	20	1.0	0.0	0.2851568658092575	0.4893349575237758	0	0	0	0	0
TCGGAATGCGCTCTGA-1	1_0	1	30	28	1.0	0.0	0.3430926074797632	0.4893349575237758	0	0	0	0	0
ACTGTACGATACACAT-1	5_1	1	30	78	1.0	0.0	0.0	0.4998657768292399	0	0	0	0	0
CTAACGAAACTTGCTG-1	0_19	1	30	94	1.0	0.0	0.0	0.4998657768292399	0	0	0	0	0
TAGATTCCTGGTTATT-1	1_0	1	32	20	1.0	0.0	0.3430926074797632	0.4893349575237758	0	0	0	0	0
TCCCTGGCTCGCTGGA-1	5_0	1	33	27	3.0	0.0	0.3670050292440335	0.462341019678154	0	0	0	0	0
AGTACGGCCCGTATCG-1	1_0	1	35	11	1.0	0.0	0.2851568658092575	0.4893349575237758	0	0	0	0	0
AGCACTACCGGCCTGT-1	0_0	1	34	20	1.0	0.0	0.5	0.4444396643695273	0	0	0	0	0
CGGTGAAGACTAAAGT-1	5_0	1	35	23	3.0	0.3333333333333333	0.9993378266143184	0.9994331138876016	1	1	1	1	1
TACTGGACAGCTCGGC-1	5_0	1	35	25	4.0	0.0	0.5	0.4498618277814871	0	0	0	0	0
TTAGTAGGGCGGCGGG-1	5_0	1	34	26	1.0	0.0	0.3906874972267451	0.4874381220489113	0	0	0	0	0
GAGGCTATCAAAGTCG-1	5_0	1	35	27	2.0	0.0	0.4363278575457733	0.4748675754645823	0	0	0	0	0
TTACCATTGATTACCC-1	5_0	1	34	28	1.0	0.0	0.326705945962337	0.4874258403826355	0	0	0	0	0
ATACCACGGGCAACTT-1	5_0	1	35	29	1.0	0.0	0.5	0.4874258403826355	0	0	0	0	0
AGTGAGACTTCCAGTA-1	0_19	1	35	87	1.0	0.0	0.0	0.4998657768292399	0	0	0	0	0
AGGGTGCTCTCGAGGG-1	0_19	1	34	92	1.0	0.0	0.0	0.4998657768292399	0	0	0	0	0
TATAGGGTACTCATGA-1	5_0	1	36	20	1.0	0.0	0.3906757952552578	0.4874258403826355	0	0	0	0	0
AATATTGGAGTATTGA-1	5_0	1	36	22	2.0	0.0	0.4888317787622248	0.4748675754645823	0	0	0	0	0
AACCAAGACTTCTCTG-1	5_0	1	36	24	5.0	0.0	0.5	0.4374454171552316	0	0	0	0	0
TCGTATTACCCATTGC-1	5_0	1	37	25	2.0	0.0	0.5	0.4874258403826355	0	0	0	0	0
ATTCGACGCCGGGCCT-1	5_0	1	36	26	1.0	0.0	0.5	0.4874258403826355	0	0	0	0	0
GTACTCCCTTATCGCT-1	5_0	1	36	28	1.0	0.0	0.4487378503992136	0.4874258403826355	0	0	0	0	0
AATAACAACGCTCGGC-1	5_0	1	36	30	3.0	0.0	0.5	0.462341019678154	0	0	0	0	0
CCGATTCGAGGGACCC-1	5_0	1	38	20	1.0	0.0	0.4487500106837843	0.4874381220489113	0	0	0	0	0
CCACTGGTGGCTGGTT-1	5_0	1	39	21	1.0	0.0	0.5	0.4874381220489113	0	0	0	0	0
GACAGGCACACACTAT-1	5_0	1	38	22	2.0	0.0	0.5	0.4748675754645823	0	0	0	0	0
TCAACGCGACCGGCAG-1	5_0	1	39	23	1.0	0.0	0.5	0.4874258403826355	0	0	0	0	0
CTACGACTAGCTATAA-1	5_0	1	38	24	8.0	0.125	0.9996948358623282	0.9985468210248692	1	1	1	1	1
CGGTTGACCTGGCATA-1	5_0	1	39	25	1.0	0.0	0.5	0.4874258403826355	0	0	0	0	0
ATAAATATTAGCAGCT-1	5_0	1	38	28	1.0	0.0	0.3906757952552578	0.4874258403826355	0	0	0	0	0
CATACGGCGTCTGGGC-1	3_0	1	39	63	1.0	0.0	0.0	0.4998657768292399	0	0	0	0	0
GTCGGGAACATGGTAG-1	1_0	1	40	4	1.0	0.0	0.2222821669014362	0.4893349575237758	0	0	0	0	0
CAATACGCTCTGAGGC-1	1_0	1	40	10	1.0	0.0	0.2222821669014362	0.4893349575237758	0	0	0	0	0
TGGTAAGCAGGATTGA-1	1_0	1	41	11	1.0	0.0	0.2222821669014362	0.4893349575237758	0	0	0	0	0
CCGTTCCGAATCTCGG-1	5_0	1	40	22	1.0	0.0	0.4487378503992136	0.4874258403826355	0	0	0	0	0
CTTATGCGCTCAGGGC-1	1_0	1	43	11	1.0	0.0	0.1540786801053121	0.4893349575237758	0	0	0	0	0
GCTAGACCGTCTACTG-1	6_0	1	42	104	1.0	0.0	0.0	0.4998657768292399	0	0	0	0	0
AAACTTGCAAACGTAT-1	5_0	1	45	19	2.0	0.0	0.4363278575457733	0.4748675754645823	0	0	0	0	0
AGGGCGAGCAGCTGAT-1	5_0	1	44	20	2.0	0.0	0.5	0.4748675754645823	0	0	0	0	0
AACACGAGACGCGGCC-1	5_0	1	45	21	13.0	0.0	0.5	0.3421010839755293	0	0	0	0	0
TGACGAATATTTCCCT-1	5_0	1	44	22	4.0	0.0	0.4117602504640171	0.4498618277814871	0	0	0	0	0
TCGGAGAGTATCGGGA-1	5_0	1	45	23	1.0	0.0	0.2562728369016001	0.4874258403826355	0	0	0	0	0
AGGCCCTAGAACGCCA-1	5_0	1	45	25	4.0	0.0	0.5	0.4498618277814871	0	0	0	0	0
TCACCCTCTTAAGATT-1	3_0	1	45	59	1.0	0.0	0.0	0.4998657768292399	0	0	0	0	0
ACAGTAATACAACTTG-1	1_0	1	46	14	1.0	0.0	0.2851568658092575	0.4893349575237758	0	0	0	0	0
AGGTCAGGTGAGAGTG-1	5_0	1	46	20	1.0	0.0	0.4487378503992136	0.4874258403826355	0	0	0	0	0
TCCTCCTAAGACATTC-1	5_0	1	47	21	4.0	0.0	0.4637400646308536	0.4498618277814871	0	0	0	0	0
AGTCGGCTCAACTTTA-1	5_0	1	47	23	2.0	0.0	0.4363399477222226	0.4748798338607901	0	0	0	0	0
ACGGGAGTGTCGGCCC-1	5_0	1	47	25	6.0	0.1666666666666666	0.9997240376324162	0.998685734219816	1	1	1	1	1
TTAACTTCAGGTAGGA-1	5_0	1	46	26	13.0	0.0	0.5	0.3535231010228554	0	0	0	0	0
CCACGGAGCCATAAGA-1	5_0	1	47	27	4.0	0.0	0.5	0.4498618277814871	0	0	0	0	0
CAGCTGGCGTAACCGT-1	5_0	1	48	22	2.0	0.0	0.3787682454131779	0.4748675754645823	0	0	0	0	0
ACTCGTAACCCGTCCT-1	5_0	1	49	23	2.0	0.0	0.5	0.4748675754645823	0	0	0	0	0
CATATGTCAGGCTACG-1	5_0	1	48	24	4.0	0.0	0.5	0.4498618277814871	0	0	0	0	0
GCCCGACTTCTTCCCG-1	5_0	1	49	25	7.0	0.0	0.5	0.4128609745143323	0	0	0	0	0
CTGGCATCCGAATGAG-1	5_0	1	48	26	9.0	0.0	0.5	0.3887035138672615	0	0	0	0	0
AAGTGCGTTAGAATCT-1	5_0	1	49	27	2.0	0.0	0.5	0.4748675754645823	0	0	0	0	0
AGAAGTGATTCGTGAT-1	5_0	1	48	28	1.0	1.0	0.9988059788948488	0.9989777211848768	1	1	1	1	1
GCCCGCGCGTAAACGG-1	0_0	1	49	41	1.0	0.0	0.5	0.4444396643695273	0	0	0	0	0
AGGCATTGTCGTAGGG-1	2_0	1	49	99	1.0	0.0	0.0	0.4998657768292399	0	0	0	0	0
AATCTGGCTTTCTAGT-1	5_0	1	51	15	1.0	0.0	0.2562728369016001	0.4874258403826355	0	0	0	0	0
GGATCTTGACTCAACC-1	5_0	1	51	17	1.0	0.0	0.3906757952552578	0.4874258403826355	0	0	0	0	0
GAGTTGATGGCAATTT-1	5_0	1	51	19	2.0	0.0	0.4487378503992136	0.4874258403826355	0	0	0	0	0
GATGTAACGAACCACC-1	5_0	1	51	21	1.0	0.0	0.326705945962337	0.4874258403826355	0	0	0	0	0
AGCCGTGGCTAAATGT-1	5_0	1	50	22	2.0	0.0	0.4363278575457733	0.4748675754645823	0	0	0	0	0
CTCCCTCCTTTCGATC-1	5_0	1	51	23	2.0	0.0	0.3787682454131779	0.4748675754645823	0	0	0	0	0
TTGGAAGAATACAGTC-1	5_0	1	50	24	5.0	0.0	0.5	0.4374454171552316	0	0	0	0	0
AGTTAAGTCAACCGCT-1	5_0	1	51	25	4.0	0.0	0.5	0.4498618277814871	0	0	0	0	0
CTCATGGTAATTTGCG-1	5_0	1	50	26	12.0	0.0833333333333333	0.9998442845867704	0.9983104899304522	1	1	1	1	1
AAAGTAGCATTGCTCA-1	5_0	1	51	27	3.0	0.0	0.5	0.462341019678154	0	0	0	0	0
TTGTGGTAGGAGGGAT-1	5_0	1	50	28	1.0	0.0	0.3906757952552578	0.4874258403826355	0	0	0	0	0
GCAGATCCATAAGACT-1	2_0	1	51	85	1.0	0.0	0.0	0.4998657768292399	0	0	0	0	0
AGATTCACAACCGATA-1	5_0	1	53	13	1.0	0.0	0.3906757952552578	0.4874258403826355	0	0	0	0	0
AGAAGGTACACTTCAC-1	5_0	1	52	14	1.0	0.0	0.326705945962337	0.4874258403826355	0	0	0	0	0
GCAGGAACTTAGATCT-1	5_0	1	53	15	1.0	0.0	0.326705945962337	0.4874258403826355	0	0	0	0	0
CCCGGTGTATCGGAAT-1	5_0	1	53	17	2.0	0.0	0.3787682454131779	0.4748675754645823	0	0	0	0	0
TTATCCTCAAGGAATA-1	5_0	1	52	18	4.0	0.0	0.5	0.4498785048257863	0	0	0	0	0
AGCATCATTTCGAAAG-1	5_0	1	53	19	2.0	0.0	0.4363278575457733	0.4748675754645823	0	0	0	0	0
CGCGAGTCTGCCGGGT-1	5_0	1	52	20	1.0	0.0	0.3906757952552578	0.4874258403826355	0	0	0	0	0
TGCGTCATGACTGAGC-1	5_0	1	53	21	2.0	0.0	0.1715117586912817	0.4748675754645823	0	0	0	0	0
ACAGAACTGAGAACAA-1	5_0	1	52	24	1.0	1.0	0.9984845602381148	0.9989777211848768	1	1	1	1	1
CCTCTATCGATTAGCA-1	5_0	1	52	26	2.0	0.5	0.9987444517448502	0.9989250342815474	1	1	1	1	1
CCGCCGGAACTTCTCG-1	5_0	1	54	12	2.0	0.0	0.315748455840681	0.4748798338607901	0	0	0	0	0
GCCATTAGCCTCAAAC-1	5_0	1	55	13	1.0	0.0	0.4487378503992136	0.4874258403826355	0	0	0	0	0
GTTAGGCTACCCGTTT-1	5_0	1	54	14	3.0	0.0	0.5	0.462341019678154	0	0	0	0	0
GGGTATTCTAGCAAAC-1	5_0	1	55	15	8.0	0.0	0.5	0.4128609745143323	0	0	0	0	0
GCCCTAGCCGTCGCGA-1	5_0	1	54	16	1.0	0.0	0.5	0.4874258403826355	0	0	0	0	0
CAGATCCTGGTTTGAA-1	5_0	1	55	17	3.0	0.0	0.5	0.462341019678154	0	0	0	0	0
GGGCAACCGCACGTGC-1	5_0	1	55	19	4.0	0.0	0.4637522894518952	0.4498739936679876	0	0	0	0	0
TAACATACACGCGATC-1	5_0	1	55	25	1.0	0.0	0.3906757952552578	0.4874258403826355	0	0	0	0	0
CCGACGGGCATGAGGT-1	5_0	1	54	26	1.0	0.0	0.326705945962337	0.4874258403826355	0	0	0	0	0
AATGTGCCCGAGGTGT-1	5_0	1	55	27	2.0	0.0	0.5	0.4748675754645823	0	0	0	0	0
AGCTGTAACCTCAATC-1	5_0	1	54	28	2.0	0.0	0.4888440620685536	0.4748798338607901	0	0	0	0	0
CGAGTGAAGGTACCAG-1	5_0	1	55	29	1.0	0.0	0.5	0.4874258403826355	0	0	0	0	0
ACGAGGTTTACAACGT-1	5_0	1	57	13	2.0	0.0	0.4363444308105298	0.4748843793138869	0	0	0	0	0
AACCCATCCCATGATC-1	5_0	1	56	14	4.0	0.0	0.5	0.462341019678154	0	0	0	0	0
TCGACAACTGAACCCG-1	5_0	1	57	15	9.0	0.0	0.5	0.4007219308246485	0	0	0	0	0
TATCTTGCAATACAAC-1	5_0	1	56	16	20.0	0.0	0.5	0.2677349748471049	0	0	0	0	0
TATTATGTTTGCCTGC-1	5_0	1	57	17	20.0	0.1	0.9999997007925226	0.9999974100411928	2	1	1	1	1
GTCAAAGAAGTGGTGT-1	5_0	1	56	18	37.0	0.1351351351351351	0.9999999999999998	0.9999999999999984	5	1	1	1	1
GGGACAGAGTTACTCC-1	5_0	1	57	19	2.0	0.0	0.5	0.4748675754645823	0	0	0	0	0
AGCAACCGAAAGTAAT-1	5_0	1	56	20	1.0	0.0	0.4487378503992136	0.4874258403826355	0	0	0	0	0
CTCTCTAACTGCCTAG-1	5_0	1	57	21	1.0	0.0	0.5	0.4874258403826355	0	0	0	0	0
TCGGTCCCGACAATAG-1	5_0	1	57	23	2.0	0.0	0.5	0.4874258403826355	0	0	0	0	0
CGCGCAAATGTCCAGA-1	5_0	1	56	24	3.0	0.0	0.3670050292440335	0.462341019678154	0	0	0	0	0
TCTAATACTGCCTCAG-1	5_0	1	57	25	2.0	0.0	0.5	0.4748675754645823	0	0	0	0	0
CTCGGTTGTCGGCCCT-1	5_0	1	56	26	2.0	0.0	0.5	0.4874258403826355	0	0	0	0	0
GGTAACCGGGAGGATA-1	5_0	1	57	27	3.0	0.3333333333333333	0.9986797583306186	0.9988696350371824	1	1	1	1	1
CAGGCGCACGGTGGTC-1	5_0	1	56	28	8.0	0.25	0.9999996630399436	0.9999985838993984	2	1	1	1	1
TCATCGATGGTCCCAA-1	5_0	1	57	29	1.0	0.0	0.3906757952552578	0.4874258403826355	0	0	0	0	0
TGCTCGGCGAAACCCA-1	0_0	1	57	61	1.0	1.0	0.9998590707477824	0.9997494865663574	1	1	1	1	1
GTGGAGCGTTTACCGA-1	5_0	1	58	16	3.0	0.0	0.3670050292440335	0.462341019678154	0	0	0	0	0
AGGCGGTTTGTCCCGC-1	5_0	1	59	17	5.0	0.0	0.5	0.4374454171552316	0	0	0	0	0
TCCCTGGCGTATTAAC-1	5_0	1	58	18	3.0	0.3333333333333333	0.9996855233254928	0.9994331138876016	1	1	1	1	1
TGGACGCAATCCAGCC-1	5_0	1	58	20	5.0	0.0	0.5	0.4374454171552316	0	0	0	0	0
GTATCTCAGTCTTGAC-1	5_0	1	58	22	1.0	0.0	0.326705945962337	0.4874258403826355	0	0	0	0	0
AGATGCAAGACGTGCA-1	5_0	1	58	24	3.0	0.0	0.5	0.4748675754645823	0	0	0	0	0
AGTATGCTGGAGACCA-1	5_0	1	58	26	6.0	0.0	0.5	0.4251068926160534	0	0	0	0	0
GCGCAAATATATTCAA-1	5_0	1	58	28	1.0	0.0	0.326705945962337	0.4874258403826355	0	0	0	0	0
GAAGAAACGATATTGT-1	5_0	1	59	29	1.0	0.0	0.5	0.4874381220489113	0	0	0	0	0
GGACCTCTAGGCCGCC-1	5_0	1	58	30	2.0	0.0	0.5	0.4748675754645823	0	0	0	0	0
CCTGGTCGAATGTGGG-1	0_0	1	59	69	1.0	0.0	0.5	0.4444396643695273	0	0	0	0	0
CCCTCGATAATACACA-1	5_0	1	69	29	2.0	0.0	0.326705945962337	0.4874258403826355	0	0	0	0	0
ACCTACTATAAATCTA-1	0_0	1	68	58	1.0	0.0	0.5	0.4444396643695273	0	0	0	0	0
TAGACTCAGTTGGCCT-1	5_0	1	70	14	2.0	0.0	0.5	0.4748675754645823	0	0	0	0	0
CAGTGTTAATCTCTCA-1	5_0	1	70	16	2.0	0.0	0.5	0.4748675754645823	0	0	0	0	0
CAGGCCAGTACCACCT-1	5_0	1	71	17	10.0	0.1	0.9999603870343498	0.9996157101589028	1	1	1	1	1
GTATCTCGGGCGCTTT-1	5_0	1	71	19	1.0	0.0	0.4487378503992136	0.4874258403826355	0	0	0	0	0
CCTGTTCAACCTCGGG-1	5_6	1	71	51	1.0	0.0	0.0	0.4998657768292399	0	0	0	0	0
ATTGTCTGTTTCATGT-1	5_6	1	71	53	1.0	0.0	0.0	0.4998657768292399	0	0	0	0	0
CTCGAGGCAAGTTTCA-1	5_0	1	72	32	2.0	0.0	0.5	0.4748920922872724	0	0	0	0	0
GCTGGGAGCGCGTCAA-1	5_0	1	73	33	1.0	0.0	0.5	0.4874258403826355	0	0	0	0	0
