CATTATAACAGGGTCC-1	4_0	1	1	65	1.0	0.0	0.0	0.4998657768292399	0	0	0	0	0
GAGCCACGGTAGTAGG-1	4_0	1	9	47	1.0	0.0	0.0	0.4998657768292399	0	0	0	0	0
TGCGAGCCCTTCCGCG-1	6_2	1	12	102	1.0	0.0	0.0	0.4998657768292399	0	0	0	0	0
GTGCAACAAATGTGGC-1	1_0	1	14	62	1.0	0.0	0.0	0.4998657768292399	0	0	0	0	0
CATGCGTTAGACAGAA-1	1_0	1	15	63	1.0	0.0	0.0	0.4998657768292399	0	0	0	0	0
AGGACATCGCACGTCG-1	1_0	1	16	38	1.0	0.0	0.0	0.4998657768292399	0	0	0	0	0
TTGAACGAATCCTTTG-1	4_0	1	19	21	1.0	0.0	0.0	0.4998657768292399	0	0	0	0	0
TCTATCATGCAGTTAC-1	5_10	1	18	40	1.0	0.0	0.0	0.4998657768292399	0	0	0	0	0
CACTGTCCAAGTGAGA-1	5_10	1	19	43	1.0	0.0	0.0	0.4998657768292399	0	0	0	0	0
CATAGTAGCATAGTAG-1	1_0	1	19	45	1.0	0.0	0.0	0.4998657768292399	0	0	0	0	0
GGCTCGTGCCACCAGC-1	1_0	1	20	38	1.0	0.0	0.0	0.4998657768292399	0	0	0	0	0
TATAAATCCACAAGCT-1	5_10	1	20	44	1.0	0.0	0.0	0.4998657768292399	0	0	0	0	0
AACGCATGATCTGGGT-1	2_0	1	20	104	1.0	0.0	0.0	0.4998657768292399	0	0	0	0	0
CTAGCCGATGTTATGA-1	3_0	1	23	101	1.0	0.0	0.0	0.4998657768292399	0	0	0	0	0
TCTTACGGCATCCGAC-1	5_0	1	25	29	1.0	0.0	0.2668923201288196	0.4934396088269293	0	0	0	0	0
ATTCAGTAGCAGGGTC-1	1_0	1	27	25	2.0	0.0	0.0	0.4997315536778249	0	0	0	0	0
CAGTTCCGCGGGTCGA-1	5_0	1	26	26	4.0	0.0	0.4970956835982825	0.4737810008497434	0	0	0	0	0
CGCAATTCTACAATAA-1	5_0	1	26	28	6.0	0.1666666666666666	0.997765105146011	0.997788041054254	1	1	1	1	1
TAACGCTTTGAGAGCG-1	5_0	1	27	29	1.0	0.0	0.2278463716938093	0.4934396088269293	0	0	0	0	0
GAGGAATGGAGAGGTT-1	1_0	1	27	31	1.0	0.0	0.0	0.4998657768292399	0	0	0	0	0
TCCTCTACGAGATGGC-1	1_0	1	26	32	1.0	0.0	0.0	0.4999314819425199	0	0	0	0	0
TAATAGTGACGACCAG-1	5_1	1	27	83	1.0	0.0	0.5	0.4444396643695273	0	0	0	0	0
CCTCACCTTAGCATCG-1	5_1	1	27	97	1.0	0.0	0.5	0.4444396643695273	0	0	0	0	0
GAAACTCGTGCGATGC-1	1_0	1	28	24	1.0	0.0	0.0	0.4998657768292399	0	0	0	0	0
CCGCACGTGACCTCGG-1	1_0	1	28	26	1.0	0.0	0.0	0.4998657768292399	0	0	0	0	0
TTGATCTAACTTTGTC-1	1_0	1	29	47	1.0	0.0	0.0	0.4998657768292399	0	0	0	0	0
ACAATTTGAGCAGTGG-1	5_1	1	28	82	1.0	0.0	0.5	0.4444420486531041	0	0	0	0	0
GACTCGCGGGAATGAC-1	5_1	1	28	96	1.0	1.0	0.999962691331852	0.9997494865663574	1	1	1	1	1
AGGGAGACATACTTCG-1	6_1	1	29	113	1.0	0.0	0.0	0.4998657768292399	0	0	0	0	0
TCCTCTCCAGTTGTCC-1	1_0	1	30	20	1.0	0.0	0.0	0.4998657768292399	0	0	0	0	0
TCGGAATGCGCTCTGA-1	1_0	1	30	28	1.0	0.0	0.0	0.4998657768292399	0	0	0	0	0
ACTGTACGATACACAT-1	5_1	1	30	78	1.0	0.0	0.5	0.4444396643695273	0	0	0	0	0
CTAACGAAACTTGCTG-1	0_19	1	30	94	1.0	0.0	0.0	0.4998657768292399	0	0	0	0	0
TAGATTCCTGGTTATT-1	1_0	1	32	20	1.0	0.0	0.0	0.4998657768292399	0	0	0	0	0
TCCCTGGCTCGCTGGA-1	5_0	1	33	27	3.0	0.0	0.2187444624683308	0.4803278570462512	0	0	0	0	0
AGTACGGCCCGTATCG-1	1_0	1	35	11	1.0	0.0	0.0	0.4998657768292399	0	0	0	0	0
AGCACTACCGGCCTGT-1	0_0	1	34	20	1.0	0.0	0.0	0.4998657768292399	0	0	0	0	0
CGGTGAAGACTAAAGT-1	5_0	1	35	23	3.0	0.0	0.2617890913494818	0.4868814760724187	0	0	0	0	0
TACTGGACAGCTCGGC-1	5_0	1	35	25	4.0	0.0	0.354551770217704	0.4737810008497434	0	0	0	0	0
TTAGTAGGGCGGCGGG-1	5_0	1	34	26	1.0	0.0	0.2278579493820346	0.4934560576058083	0	0	0	0	0
GAGGCTATCAAAGTCG-1	5_0	1	35	27	2.0	0.0	0.2617890913494818	0.4868814760724187	0	0	0	0	0
TTACCATTGATTACCC-1	5_0	1	34	28	1.0	0.0	0.1867654557076214	0.4934396088269293	0	0	0	0	0
ATACCACGGGCAACTT-1	5_0	1	35	29	1.0	0.0	0.4046006730004655	0.4934396088269293	0	0	0	0	0
AGTGAGACTTCCAGTA-1	0_19	1	35	87	1.0	0.0	0.0	0.4998657768292399	0	0	0	0	0
AGGGTGCTCTCGAGGG-1	0_19	1	34	92	1.0	0.0	0.0	0.4998657768292399	0	0	0	0	0
TATAGGGTACTCATGA-1	5_0	1	36	20	1.0	0.0	0.2278463716938093	0.4934396088269293	0	0	0	0	0
AATATTGGAGTATTGA-1	5_0	1	36	22	2.0	0.0	0.2984762448831446	0.4868814760724187	0	0	0	0	0
AACCAAGACTTCTCTG-1	5_0	1	36	24	5.0	0.0	0.3485693578736333	0.4672431472941907	0	0	0	0	0
TCGTATTACCCATTGC-1	5_0	1	37	25	2.0	0.0	0.3392624170048577	0.4934396088269293	0	0	0	0	0
ATTCGACGCCGGGCCT-1	5_0	1	36	26	1.0	0.0	0.3392624170048577	0.4934396088269293	0	0	0	0	0
GTACTCCCTTATCGCT-1	5_0	1	36	28	1.0	0.0	0.2668923201288196	0.4934396088269293	0	0	0	0	0
AATAACAACGCTCGGC-1	5_0	1	36	30	3.0	0.0	0.4777477444944101	0.4803278570462512	0	0	0	0	0
CCGATTCGAGGGACCC-1	5_0	1	38	20	1.0	0.0	0.2669051960629687	0.4934560576058083	0	0	0	0	0
CCACTGGTGGCTGGTT-1	5_0	1	39	21	1.0	0.0	0.3392771685527835	0.4934560576058083	0	0	0	0	0
GACAGGCACACACTAT-1	5_0	1	38	22	2.0	0.0	0.3982948931999436	0.4868814760724187	0	0	0	0	0
TCAACGCGACCGGCAG-1	5_0	1	39	23	1.0	0.0	0.3040001302080359	0.4934396088269293	0	0	0	0	0
CTACGACTAGCTATAA-1	5_0	1	38	24	8.0	0.0	0.5	0.4542033426101047	0	0	0	0	0
CGGTTGACCTGGCATA-1	5_0	1	39	25	1.0	0.0	0.3727677253504588	0.4934396088269293	0	0	0	0	0
ATAAATATTAGCAGCT-1	5_0	1	38	28	1.0	0.0	0.2278463716938093	0.4934396088269293	0	0	0	0	0
CATACGGCGTCTGGGC-1	3_0	1	39	63	1.0	0.0	0.0	0.4998657768292399	0	0	0	0	0
GTCGGGAACATGGTAG-1	1_0	1	40	4	1.0	0.0	0.0	0.4998657768292399	0	0	0	0	0
CAATACGCTCTGAGGC-1	1_0	1	40	10	1.0	0.0	0.0	0.4998657768292399	0	0	0	0	0
TGGTAAGCAGGATTGA-1	1_0	1	41	11	1.0	0.0	0.0	0.4998657768292399	0	0	0	0	0
CCGTTCCGAATCTCGG-1	5_0	1	40	22	1.0	0.0	0.2668923201288196	0.4934396088269293	0	0	0	0	0
CTTATGCGCTCAGGGC-1	1_0	1	43	11	1.0	0.0	0.0	0.4998657768292399	0	0	0	0	0
GCTAGACCGTCTACTG-1	6_0	1	42	104	1.0	0.0	0.0	0.4998657768292399	0	0	0	0	0
AAACTTGCAAACGTAT-1	5_0	1	45	19	2.0	0.0	0.2617890913494818	0.4868814760724187	0	0	0	0	0
AGGGCGAGCAGCTGAT-1	5_0	1	44	20	2.0	0.0	0.3666525511680024	0.4868814760724187	0	0	0	0	0
AACACGAGACGCGGCC-1	5_0	1	45	21	13.0	0.0	0.5	0.4155437284569481	0	0	0	0	0
TGACGAATATTTCCCT-1	5_0	1	44	22	4.0	0.0	0.2517733759018262	0.4737810008497434	0	0	0	0	0
TCGGAGAGTATCGGGA-1	5_0	1	45	23	1.0	0.0	0.1435483848852908	0.4934396088269293	0	0	0	0	0
AGGCCCTAGAACGCCA-1	5_0	1	45	25	4.0	0.0	0.3218436333396311	0.4737810008497434	0	0	0	0	0
TCACCCTCTTAAGATT-1	3_0	1	45	59	1.0	0.0	0.0	0.4998657768292399	0	0	0	0	0
ACAGTAATACAACTTG-1	1_0	1	46	14	1.0	0.0	0.0	0.4998657768292399	0	0	0	0	0
AGGTCAGGTGAGAGTG-1	5_0	1	46	20	1.0	0.0	0.2668923201288196	0.4934396088269293	0	0	0	0	0
TCCTCCTAAGACATTC-1	5_0	1	47	21	4.0	0.0	0.2876037637500205	0.4737810008497434	0	0	0	0	0
AGTCGGCTCAACTTTA-1	5_0	1	47	23	2.0	0.0	0.2618018090048164	0.4868979163656147	0	0	0	0	0
ACGGGAGTGTCGGCCC-1	5_0	1	47	25	6.0	0.0	0.5	0.4672431472941907	0	0	0	0	0
TTAACTTCAGGTAGGA-1	5_0	1	46	26	13.0	0.0	0.4194275288823302	0.4219471488905037	0	0	0	0	0
CCACGGAGCCATAAGA-1	5_0	1	47	27	4.0	0.0	0.4970956835982825	0.4737810008497434	0	0	0	0	0
CAGCTGGCGTAACCGT-1	5_0	1	48	22	2.0	0.0	0.2232623679190837	0.4868814760724187	0	0	0	0	0
ACTCGTAACCCGTCCT-1	5_0	1	49	23	2.0	0.0	0.4284041192616691	0.4868814760724187	0	0	0	0	0
CATATGTCAGGCTACG-1	5_0	1	48	24	4.0	0.0	0.444057398720467	0.4737810008497434	0	0	0	0	0
GCCCGACTTCTTCCCG-1	5_0	1	49	25	7.0	0.0	0.5	0.4542033426101047	0	0	0	0	0
CTGGCATCCGAATGAG-1	5_0	1	48	26	9.0	0.0	0.5	0.441226060580513	0	0	0	0	0
AAGTGCGTTAGAATCT-1	5_0	1	49	27	2.0	0.0	0.5	0.4868814760724187	0	0	0	0	0
GCCCGCGCGTAAACGG-1	0_0	1	49	41	1.0	0.0	0.0	0.4998657768292399	0	0	0	0	0
AGGCATTGTCGTAGGG-1	2_0	1	49	99	1.0	0.0	0.0	0.4998657768292399	0	0	0	0	0
AATCTGGCTTTCTAGT-1	5_0	1	51	15	1.0	0.0	0.1435483848852908	0.4934396088269293	0	0	0	0	0
GGATCTTGACTCAACC-1	5_0	1	51	17	1.0	0.0	0.2278463716938093	0.4934396088269293	0	0	0	0	0
GAGTTGATGGCAATTT-1	5_0	1	51	19	2.0	0.5	0.9946878397910096	0.9980080248424352	1	1	1	1	1
GATGTAACGAACCACC-1	5_0	1	51	21	1.0	0.0	0.1867654557076214	0.4934396088269293	0	0	0	0	0
AGCCGTGGCTAAATGT-1	5_0	1	50	22	2.0	0.0	0.2617890913494818	0.4868814760724187	0	0	0	0	0
CTCCCTCCTTTCGATC-1	5_0	1	51	23	2.0	0.0	0.2232623679190837	0.4868814760724187	0	0	0	0	0
TTGGAAGAATACAGTC-1	5_0	1	50	24	5.0	0.0	0.5	0.4672431472941907	0	0	0	0	0
AGTTAAGTCAACCGCT-1	5_0	1	51	25	4.0	0.0	0.354551770217704	0.4737810008497434	0	0	0	0	0
CTCATGGTAATTTGCG-1	5_0	1	50	26	12.0	0.0833333333333333	0.9990141092202596	0.9974786769607932	1	1	1	1	1
AAAGTAGCATTGCTCA-1	5_0	1	51	27	3.0	0.0	0.4219902917872868	0.4803278570462512	0	0	0	0	0
TTGTGGTAGGAGGGAT-1	5_0	1	50	28	1.0	0.0	0.2278463716938093	0.4934396088269293	0	0	0	0	0
GCAGATCCATAAGACT-1	2_0	1	51	85	1.0	0.0	0.0	0.4998657768292399	0	0	0	0	0
AGATTCACAACCGATA-1	5_0	1	53	13	1.0	0.0	0.2278463716938093	0.4934396088269293	0	0	0	0	0
AGAAGGTACACTTCAC-1	5_0	1	52	14	1.0	0.0	0.1867654557076214	0.4934396088269293	0	0	0	0	0
GCAGGAACTTAGATCT-1	5_0	1	53	15	1.0	0.0	0.1867654557076214	0.4934396088269293	0	0	0	0	0
CCCGGTGTATCGGAAT-1	5_0	1	53	17	2.0	0.0	0.2232623679190837	0.4868814760724187	0	0	0	0	0
TTATCCTCAAGGAATA-1	5_0	1	52	18	4.0	0.0	0.5	0.4738034907793976	0	0	0	0	0
AGCATCATTTCGAAAG-1	5_0	1	53	19	2.0	0.0	0.2617890913494818	0.4868814760724187	0	0	0	0	0
CGCGAGTCTGCCGGGT-1	5_0	1	52	20	1.0	0.0	0.2278463716938093	0.4934396088269293	0	0	0	0	0
TGCGTCATGACTGAGC-1	5_0	1	53	21	2.0	0.0	0.0957921628549162	0.4868814760724187	0	0	0	0	0
CCTCTATCGATTAGCA-1	5_0	1	52	26	2.0	0.0	0.2668923201288196	0.4934396088269293	0	0	0	0	0
CCGCCGGAACTTCTCG-1	5_0	1	54	12	2.0	0.0	0.1828221041251242	0.4868979163656147	0	0	0	0	0
GCCATTAGCCTCAAAC-1	5_0	1	55	13	1.0	0.0	0.2668923201288196	0.4934396088269293	0	0	0	0	0
GTTAGGCTACCCGTTT-1	5_0	1	54	14	3.0	0.0	0.3605800247445461	0.4803278570462512	0	0	0	0	0
GGGTATTCTAGCAAAC-1	5_0	1	55	15	8.0	0.125	0.9984010419697592	0.99766912094257	1	1	1	1	1
GCCCTAGCCGTCGCGA-1	5_0	1	54	16	1.0	0.0	0.3040001302080359	0.4934396088269293	0	0	0	0	0
CAGATCCTGGTTTGAA-1	5_0	1	55	17	3.0	0.0	0.4219902917872868	0.4803278570462512	0	0	0	0	0
GGGCAACCGCACGTGC-1	5_0	1	55	19	4.0	0.0	0.2876172468728319	0.4737974072443594	0	0	0	0	0
TAACATACACGCGATC-1	5_0	1	55	25	1.0	0.0	0.2278463716938093	0.4934396088269293	0	0	0	0	0
CCGACGGGCATGAGGT-1	5_0	1	54	26	1.0	0.0	0.1867654557076214	0.4934396088269293	0	0	0	0	0
AATGTGCCCGAGGTGT-1	5_0	1	55	27	2.0	0.0	0.3982948931999436	0.4868814760724187	0	0	0	0	0
AGCTGTAACCTCAATC-1	5_0	1	54	28	2.0	0.0	0.2984900241513048	0.4868979163656147	0	0	0	0	0
CGAGTGAAGGTACCAG-1	5_0	1	55	29	1.0	0.0	0.3040001302080359	0.4934396088269293	0	0	0	0	0
ACGAGGTTTACAACGT-1	5_0	1	57	13	2.0	0.0	0.2618065248356378	0.4869040124631329	0	0	0	0	0
AACCCATCCCATGATC-1	5_0	1	56	14	4.0	0.0	0.4505451891733797	0.4803278570462512	0	0	0	0	0
TCGACAACTGAACCCG-1	5_0	1	57	15	9.0	0.1111111111111111	0.996573707992554	0.997607290112416	1	1	1	1	1
TATCTTGCAATACAAC-1	5_0	1	56	16	20.0	0.0	0.5	0.3717161768648059	0	0	0	0	0
TATTATGTTTGCCTGC-1	5_0	1	57	17	20.0	0.0	0.5	0.3840542026586501	0	0	0	0	0
GTCAAAGAAGTGGTGT-1	5_0	1	56	18	37.0	0.027027027027027	0.998451774057462	0.9957463587786104	1	1	1	1	1
GGGACAGAGTTACTCC-1	5_0	1	57	19	2.0	0.0	0.3982948931999436	0.4868814760724187	0	0	0	0	0
AGCAACCGAAAGTAAT-1	5_0	1	56	20	1.0	0.0	0.2668923201288196	0.4934396088269293	0	0	0	0	0
CTCTCTAACTGCCTAG-1	5_0	1	57	21	1.0	0.0	0.3392624170048577	0.4934396088269293	0	0	0	0	0
TCGGTCCCGACAATAG-1	5_0	1	57	23	2.0	0.5	0.9962277146091136	0.9980080248424352	1	1	1	1	1
CGCGCAAATGTCCAGA-1	5_0	1	56	24	3.0	0.0	0.2187444624683308	0.4803278570462512	0	0	0	0	0
TCTAATACTGCCTCAG-1	5_0	1	57	25	2.0	0.0	0.4284041192616691	0.4868814760724187	0	0	0	0	0
CTCGGTTGTCGGCCCT-1	5_0	1	56	26	2.0	0.5	0.9955684142009216	0.9980080248424352	1	1	1	1	1
GGTAACCGGGAGGATA-1	5_0	1	57	27	3.0	0.0	0.2617890913494818	0.4868814760724187	0	0	0	0	0
CAGGCGCACGGTGGTC-1	5_0	1	56	28	8.0	0.0	0.5	0.460732873940764	0	0	0	0	0
TCATCGATGGTCCCAA-1	5_0	1	57	29	1.0	0.0	0.2278463716938093	0.4934396088269293	0	0	0	0	0
GTGGAGCGTTTACCGA-1	5_0	1	58	16	3.0	0.0	0.2187444624683308	0.4803278570462512	0	0	0	0	0
AGGCGGTTTGTCCCGC-1	5_0	1	59	17	5.0	0.0	0.4905360137116337	0.4672431472941907	0	0	0	0	0
TCCCTGGCGTATTAAC-1	5_0	1	58	18	3.0	0.0	0.3982948931999436	0.4868814760724187	0	0	0	0	0
TGGACGCAATCCAGCC-1	5_0	1	58	20	5.0	0.0	0.409243279487279	0.4672431472941907	0	0	0	0	0
GTATCTCAGTCTTGAC-1	5_0	1	58	22	1.0	0.0	0.1867654557076214	0.4934396088269293	0	0	0	0	0
AGATGCAAGACGTGCA-1	5_0	1	58	24	3.0	0.3333333333333333	0.9961277962429044	0.9979551656319736	1	1	1	1	1
AGTATGCTGGAGACCA-1	5_0	1	58	26	6.0	0.0	0.4839796012015356	0.4607165238463964	0	0	0	0	0
GCGCAAATATATTCAA-1	5_0	1	58	28	1.0	0.0	0.1867654557076214	0.4934396088269293	0	0	0	0	0
GAAGAAACGATATTGT-1	5_0	1	59	29	1.0	0.0	0.3392771685527835	0.4934560576058083	0	0	0	0	0
GGACCTCTAGGCCGCC-1	5_0	1	58	30	2.0	0.0	0.4570498408489305	0.4868814760724187	0	0	0	0	0
CCTGGTCGAATGTGGG-1	0_0	1	59	69	1.0	0.0	0.0	0.4998657768292399	0	0	0	0	0
CCCTCGATAATACACA-1	5_0	1	69	29	2.0	0.5	0.9916051928748106	0.9980080248424352	1	1	1	1	1
ACCTACTATAAATCTA-1	0_0	1	68	58	1.0	0.0	0.0	0.4998657768292399	0	0	0	0	0
TAGACTCAGTTGGCCT-1	5_0	1	70	14	2.0	0.0	0.4570498408489305	0.4868814760724187	0	0	0	0	0
CAGTGTTAATCTCTCA-1	5_0	1	70	16	2.0	0.0	0.4842989673006149	0.4868814760724187	0	0	0	0	0
CAGGCCAGTACCACCT-1	5_0	1	71	17	10.0	0.0	0.5	0.4477220690522442	0	0	0	0	0
GTATCTCGGGCGCTTT-1	5_0	1	71	19	1.0	0.0	0.2668923201288196	0.4934396088269293	0	0	0	0	0
CCTGTTCAACCTCGGG-1	5_6	1	71	51	1.0	0.0	0.0	0.4998657768292399	0	0	0	0	0
ATTGTCTGTTTCATGT-1	5_6	1	71	53	1.0	0.0	0.0	0.4998657768292399	0	0	0	0	0
CTCGAGGCAAGTTTCA-1	5_0	1	72	32	2.0	0.0	0.4843318381309958	0.4869143566871604	0	0	0	0	0
GCTGGGAGCGCGTCAA-1	5_0	1	73	33	1.0	0.0	0.3392624170048577	0.4934396088269293	0	0	0	0	0
