CGTGCCCGACATTTGT-1	4_0	1	1	59	1.0	1.0	0.9999380044073954	0.9993990090015742	1	1	1	1	1
CATTATAACAGGGTCC-1	4_0	1	1	65	1.0	0.0	0.5	0.4782433878336197	0	0	0	0	0
CGTCAGTTTATCGTCT-1	4_0	1	2	60	1.0	0.0	0.5	0.4782433878336197	0	0	0	0	0
GTCAATTGTACTGAAG-1	4_0	1	5	45	1.0	0.0	0.5	0.4782433878336197	0	0	0	0	0
TCGTATTTCGTCCGGA-1	5_5	1	5	81	1.0	0.0	0.0	0.4998657768292399	0	0	0	0	0
GAGCCACGGTAGTAGG-1	4_0	1	9	47	1.0	0.0	0.5	0.4782433878336197	0	0	0	0	0
ATTCTCGTCTCTTTAG-1	1_0	1	11	51	1.0	0.0	0.5	0.4843532094744619	0	0	0	0	0
CTATGTCTATTGAAAC-1	1_0	1	11	55	1.0	0.0	0.5	0.4843532094744619	0	0	0	0	0
ACTGTGCTAGTAGATC-1	4_0	1	13	31	1.0	0.0	0.5	0.4782433878336197	0	0	0	0	0
TGCGAGCCCTTCCGCG-1	6_2	1	12	102	1.0	1.0	0.9999999994985136	0.9999498543623856	1	1	1	1	1
TCTTACAGAGGTACCG-1	1_0	1	15	45	1.0	0.0	0.3886270799600133	0.4843532094744619	0	0	0	0	0
GTGCAACAAATGTGGC-1	1_0	1	14	62	1.0	0.0	0.5	0.4843532094744619	0	0	0	0	0
CATGCGTTAGACAGAA-1	1_0	1	15	63	1.0	0.0	0.3886270799600133	0.4843532094744619	0	0	0	0	0
GGTGAGATGCAGATAA-1	4_0	1	16	36	1.0	0.0	0.4959840990521794	0.4782433878336197	0	0	0	0	0
AGGACATCGCACGTCG-1	1_0	1	16	38	2.0	0.0	0.3078420075292173	0.4843532094744619	0	0	0	0	0
GTGGACGTGCTGAGAC-1	5_10	1	17	39	1.0	0.0	0.0	0.4998657768292399	0	0	0	0	0
GCATCCCTAACTTTGA-1	5_10	1	16	42	2.0	0.0	0.0	0.4997315536778249	0	0	0	0	0
TATATTACAAATGTCG-1	2_0	1	17	107	1.0	0.0	0.0	0.4998657768292399	0	0	0	0	0
TTGAACGAATCCTTTG-1	4_0	1	19	21	1.0	0.0	0.5	0.4782433878336197	0	0	0	0	0
TCTATCATGCAGTTAC-1	5_10	1	18	40	2.0	0.0	0.0	0.4997972587792181	0	0	0	0	0
CCCGCCATGCTCCCGT-1	1_0	1	19	41	2.0	0.0	0.5	0.4843532094744619	0	0	0	0	0
CGCTTCCACTGAAATC-1	5_10	1	18	42	2.0	0.0	0.0	0.4997315536778249	0	0	0	0	0
CACTGTCCAAGTGAGA-1	5_10	1	19	43	4.0	0.0	0.0	0.4995288125596208	0	0	0	0	0
CATAGTAGCATAGTAG-1	1_0	1	19	45	1.0	0.0	0.5	0.4843532094744619	0	0	0	0	0
CTCGGTCCGTAGCCTG-1	1_0	1	18	50	1.0	0.0	0.3886270799600133	0.4843532094744619	0	0	0	0	0
TAACAAAGGGAGAAGC-1	1_0	1	21	35	2.0	0.5	0.9992489569882824	0.9991205071837056	1	1	1	1	1
TTACATCGTGGCCTGG-1	1_0	1	20	36	1.0	0.0	0.5	0.4843532094744619	0	0	0	0	0
GGCTCGTGCCACCAGC-1	1_0	1	20	38	2.0	0.0	0.3738595533102746	0.4687370344026992	0	0	0	0	0
TATAAATCCACAAGCT-1	5_10	1	20	44	1.0	0.0	0.0	0.4998657768292399	0	0	0	0	0
TTCCTCGAGGGTGTCT-1	5_10	1	21	49	1.0	0.0	0.0	0.4998657768292399	0	0	0	0	0
TGTGACTACGCCAGTC-1	0_19	1	21	73	1.0	0.0	0.4514008318298654	0.4615286000733442	0	0	0	0	0
AACGCATGATCTGGGT-1	2_0	1	20	104	1.0	0.0	0.0	0.4998657768292399	0	0	0	0	0
CTAGCCGATGTTATGA-1	3_0	1	23	101	1.0	0.0	0.0	0.4998657768292399	0	0	0	0	0
TCTTACGGCATCCGAC-1	5_0	1	25	29	4.0	0.0	0.4650410665718837	0.4400542078233802	0	0	0	0	0
GAAAGTGACTAACTGC-1	1_0	1	25	31	2.0	0.5	0.9990314881540828	0.9991205071837056	1	1	1	1	1
TTACAACTACGCATCC-1	1_0	1	24	52	1.0	0.0	0.3078420075292173	0.4843532094744619	0	0	0	0	0
TTATGTTTGCGATAGA-1	4_0	1	26	20	1.0	0.0	0.4959840990521794	0.4782433878336197	0	0	0	0	0
GGTTAGTTACGGCGCC-1	1_0	1	27	23	2.0	0.0	0.3738697408581641	0.4687478718360301	0	0	0	0	0
ATTCAGTAGCAGGGTC-1	1_0	1	27	25	5.0	0.4	0.9999987810063132	0.9999991750670976	2	1	1	1	1
CAGTTCCGCGGGTCGA-1	5_0	1	26	26	16.0	0.0625	0.9995744199485465	0.9980088698183476	1	1	1	1	1
AAGAGATGAATCGGTA-1	5_0	1	27	27	4.0	0.0	0.5	0.4400542078233802	0	0	0	0	0
CGCAATTCTACAATAA-1	5_0	1	26	28	18.0	0.1111111111111111	0.9999995196770882	0.9999980680721016	2	1	1	1	1
TAACGCTTTGAGAGCG-1	5_0	1	27	29	2.0	0.0	0.4326628086477221	0.4699186152508821	0	0	0	0	0
AGGCTATGGTTAGCTT-1	5_0	1	26	30	1.0	0.0	0.5	0.484945672770439	0	0	0	0	0
GAGGAATGGAGAGGTT-1	1_0	1	27	31	2.0	0.0	0.5	0.4687370344026992	0	0	0	0	0
TCCTCTACGAGATGGC-1	1_0	1	26	32	1.0	0.0	0.5	0.4843640787809316	0	0	0	0	0
TCAGTACTGACCCGCG-1	1_0	1	26	34	1.0	0.0	0.4603057026421698	0.4843532094744619	0	0	0	0	0
ATCTGGTTAAGACTGT-1	3_0	1	26	76	1.0	0.0	0.0	0.4998657768292399	0	0	0	0	0
TAATAGTGACGACCAG-1	5_1	1	27	83	2.0	0.0	0.0	0.4997315536778249	0	0	0	0	0
GATCCTAAATCGGGAC-1	5_1	1	27	95	1.0	0.0	0.0	0.4998657768292399	0	0	0	0	0
CCTCACCTTAGCATCG-1	5_1	1	27	97	1.0	0.0	0.0	0.4998657768292399	0	0	0	0	0
GGGAATTCTGTCCAGT-1	4_0	1	28	4	1.0	0.0	0.5	0.4782433878336197	0	0	0	0	0
AAGTGCAAAGGTAGAC-1	4_0	1	28	10	1.0	0.0	0.5	0.4782433878336197	0	0	0	0	0
TGATAGCGGGATTCTA-1	4_0	1	28	12	1.0	0.0	0.4959840990521794	0.4782433878336197	0	0	0	0	0
TATGAAGACAGGTGCG-1	1_0	1	29	21	1.0	0.0	0.3078420075292173	0.4843532094744619	0	0	0	0	0
TACCTGCTGCACTGTG-1	1_0	1	28	22	1.0	0.0	0.3886270799600133	0.4843532094744619	0	0	0	0	0
GAAACTCGTGCGATGC-1	1_0	1	28	24	3.0	0.0	0.4293932182228097	0.4531818510902478	0	0	0	0	0
CCGCACGTGACCTCGG-1	1_0	1	28	26	1.0	0.0	0.3886270799600133	0.4843532094744619	0	0	0	0	0
AACAGGATGGGCCGCG-1	1_0	1	29	31	1.0	0.0	0.3078420075292173	0.4843532094744619	0	0	0	0	0
TTGATCTAACTTTGTC-1	1_0	1	29	47	1.0	0.0	0.3078420075292173	0.4843532094744619	0	0	0	0	0
ACAATTTGAGCAGTGG-1	5_1	1	28	82	1.0	0.0	0.0	0.4999314819425199	0	0	0	0	0
GACTCGCGGGAATGAC-1	5_1	1	28	96	1.0	0.0	0.0	0.4998657768292399	0	0	0	0	0
TCCTCTCCAGTTGTCC-1	1_0	1	30	20	1.0	0.0	0.3886270799600133	0.4843532094744619	0	0	0	0	0
TGTGTTCGTATCCAAG-1	1_0	1	31	21	1.0	0.0	0.5	0.4843532094744619	0	0	0	0	0
TACAAGTCTCGTGCAT-1	1_0	1	31	27	1.0	0.0	0.5	0.4843532094744619	0	0	0	0	0
TCGGAATGCGCTCTGA-1	1_0	1	30	28	3.0	0.0	0.4293932182228097	0.4531818510902478	0	0	0	0	0
GGCGTCCTATCCGCTG-1	1_0	1	31	33	1.0	0.0	0.3886270799600133	0.4843532094744619	0	0	0	0	0
TGCGCAAAGCATTTGG-1	0_19	1	31	67	1.0	1.0	0.9997988939150496	0.9996493234570976	1	1	1	1	1
ACTGTACGATACACAT-1	5_1	1	30	78	2.0	0.0	0.0	0.4997315536778249	0	0	0	0	0
CTAACGAAACTTGCTG-1	0_19	1	30	94	1.0	0.0	0.5	0.4615286000733442	0	0	0	0	0
TTAAACTCGAATTCAT-1	5_1	1	31	95	1.0	0.0	0.0	0.4998657768292399	0	0	0	0	0
ATGGCAGCCGAGAAAC-1	1_0	1	33	9	1.0	0.0	0.5	0.4843532094744619	0	0	0	0	0
TAGATTCCTGGTTATT-1	1_0	1	32	20	1.0	0.0	0.4603057026421698	0.4843532094744619	0	0	0	0	0
GTGAGCGTGCTGCACT-1	5_0	1	33	25	2.0	0.0	0.5	0.4699186152508821	0	0	0	0	0
TCCCTGGCTCGCTGGA-1	5_0	1	33	27	3.0	0.0	0.4179520483299018	0.4549569389804274	0	0	0	0	0
CACGAAAGTTAGTCCC-1	5_0	1	33	29	1.0	0.0	0.3771356715322134	0.484945672770439	0	0	0	0	0
GGGCTGCCTAGGGCGA-1	0_19	1	33	69	1.0	0.0	0.5	0.4615286000733442	0	0	0	0	0
TCGGAGTACATGAGTA-1	5_1	1	32	74	1.0	0.0	0.0	0.4998657768292399	0	0	0	0	0
GTGTGAATAACTTAGG-1	0_19	1	33	83	1.0	0.0	0.5	0.4615286000733442	0	0	0	0	0
CGGCAGGGTCGGGTTG-1	5_1	1	32	94	1.0	0.0	0.0	0.4998657768292399	0	0	0	0	0
AGTACGGCCCGTATCG-1	1_0	1	35	11	1.0	0.0	0.3886270799600133	0.4843532094744619	0	0	0	0	0
AGCACTACCGGCCTGT-1	0_0	1	34	20	1.0	0.0	0.0	0.4998657768292399	0	0	0	0	0
GACCGACTGAAGCGTC-1	5_0	1	34	22	1.0	0.0	0.3771461289697931	0.48495679209107	0	0	0	0	0
CGGTGAAGACTAAAGT-1	5_0	1	35	23	3.0	0.0	0.4800534035651726	0.4549458999210039	0	0	0	0	0
CCCTGCGCTACGCATA-1	5_0	1	34	24	2.0	0.0	0.495101847475031	0.4699186152508821	0	0	0	0	0
TACTGGACAGCTCGGC-1	5_0	1	35	25	9.0	0.1111111111111111	0.9993245812111624	0.998611958963004	1	1	1	1	1
TTAGTAGGGCGGCGGG-1	5_0	1	34	26	4.0	0.0	0.4034030234875442	0.4400937504129709	0	0	0	0	0
GAGGCTATCAAAGTCG-1	5_0	1	35	27	2.0	0.0	0.495101847475031	0.4699186152508821	0	0	0	0	0
ATACCACGGGCAACTT-1	5_0	1	35	29	5.0	0.2	0.9995562683793732	0.9989088806026462	1	1	1	1	1
AGTGAGACTTCCAGTA-1	0_19	1	35	87	1.0	0.0	0.4514008318298654	0.4615286000733442	0	0	0	0	0
AGGGTGCTCTCGAGGG-1	0_19	1	34	92	1.0	0.0	0.4514008318298654	0.4615286000733442	0	0	0	0	0
CAAGGTCCTATAGGCT-1	6_1	1	34	110	1.0	0.0	0.0	0.4998657768292399	0	0	0	0	0
AGAATAAATCTTCAGG-1	1_0	1	37	11	1.0	0.0	0.3886270799600133	0.4843532094744619	0	0	0	0	0
TATAGGGTACTCATGA-1	5_0	1	36	20	2.0	0.0	0.4326628086477221	0.4699186152508821	0	0	0	0	0
CCAGCTGATGGTACTT-1	5_0	1	37	21	4.0	0.0	0.5	0.4400651772810418	0	0	0	0	0
AATATTGGAGTATTGA-1	5_0	1	36	22	2.0	0.0	0.5	0.4699186152508821	0	0	0	0	0
GGCCCTCACCCACTTA-1	5_0	1	37	23	5.0	0.2	0.999469120273271	0.9989088320805416	1	1	1	1	1
AACCAAGACTTCTCTG-1	5_0	1	36	24	7.0	0.1428571428571428	0.9996997752791102	0.9993827690591464	1	1	1	1	1
TCGTATTACCCATTGC-1	5_0	1	37	25	7.0	0.1428571428571428	0.9992756017451472	0.9987693586141446	1	1	1	1	1
ATTCGACGCCGGGCCT-1	5_0	1	36	26	3.0	0.0	0.5	0.4549458999210039	0	0	0	0	0
GGCGCAGGACATCTTC-1	5_0	1	37	27	5.0	0.2	0.9993577375657277	0.9989088320805416	1	1	1	1	1
GTACTCCCTTATCGCT-1	5_0	1	36	28	4.0	0.25	0.9990710518146154	0.9989725532081684	1	1	1	1	1
AATAACAACGCTCGGC-1	5_0	1	36	30	9.0	0.0	0.5	0.3818178239044601	0	0	0	0	0
TCGGGATTCAAACATA-1	1_0	1	39	15	1.0	0.0	0.3078420075292173	0.4843532094744619	0	0	0	0	0
GGTACATCTGGGACGA-1	5_0	1	38	18	1.0	0.0	0.3771356715322134	0.484945672770439	0	0	0	0	0
CCGATTCGAGGGACCC-1	5_0	1	38	20	4.0	0.25	0.9990710931298336	0.9989725988996336	1	1	1	1	1
CCACTGGTGGCTGGTT-1	5_0	1	39	21	2.0	0.0	0.5	0.4699297043845337	0	0	0	0	0
GACAGGCACACACTAT-1	5_0	1	38	22	2.0	0.0	0.5	0.484945672770439	0	0	0	0	0
TCAACGCGACCGGCAG-1	5_0	1	39	23	2.0	0.0	0.5	0.4699186152508821	0	0	0	0	0
CTACGACTAGCTATAA-1	5_0	1	38	24	16.0	0.0	0.5	0.2761243647935931	0	0	0	0	0
CGGTTGACCTGGCATA-1	5_0	1	39	25	3.0	0.0	0.5	0.4549458999210039	0	0	0	0	0
ATCCTGAATCGCTGCG-1	5_0	1	38	26	2.0	0.0	0.5	0.4699297043845337	0	0	0	0	0
ATAAATATTAGCAGCT-1	5_0	1	38	28	2.0	0.0	0.4326628086477221	0.4699186152508821	0	0	0	0	0
CATACGGCGTCTGGGC-1	3_0	1	39	63	1.0	0.0	0.0	0.4998657768292399	0	0	0	0	0
GTCGGGAACATGGTAG-1	1_0	1	40	4	1.0	0.0	0.3078420075292173	0.4843532094744619	0	0	0	0	0
GCAAATGAGGACACTT-1	1_0	1	41	5	1.0	0.0	0.3886436735786232	0.4843706521637085	0	0	0	0	0
CAATACGCTCTGAGGC-1	1_0	1	40	10	1.0	0.0	0.3078420075292173	0.4843532094744619	0	0	0	0	0
TGGTAAGCAGGATTGA-1	1_0	1	41	11	1.0	0.0	0.3078420075292173	0.4843532094744619	0	0	0	0	0
AGACCGGGAAACCCTG-1	1_0	1	41	17	1.0	0.0	0.3078420075292173	0.4843532094744619	0	0	0	0	0
CCCTGCCCAATCCGCT-1	1_0	1	41	19	1.0	0.0	0.3078420075292173	0.4843532094744619	0	0	0	0	0
CCGTTCCGAATCTCGG-1	5_0	1	40	22	1.0	0.0	0.5	0.484945672770439	0	0	0	0	0
CTCAGATTGTGATAAG-1	1_0	1	43	5	1.0	0.0	0.3078420075292173	0.4843532094744619	0	0	0	0	0
CTTATGCGCTCAGGGC-1	1_0	1	43	11	1.0	0.0	0.2169090815232139	0.4843532094744619	0	0	0	0	0
TGCAGATCGTCCTAGG-1	1_0	1	42	18	1.0	0.0	0.3078420075292173	0.4843532094744619	0	0	0	0	0
TGCCAAAGTCAGACTT-1	1_0	1	43	19	1.0	0.0	0.3078420075292173	0.4843532094744619	0	0	0	0	0
TTGACTACCATATGGT-1	0_0	1	43	41	1.0	0.0	0.0	0.4998657768292399	0	0	0	0	0
GGCGAAATCTAACTTG-1	6_0	1	43	87	1.0	0.0	0.0	0.4998657768292399	0	0	0	0	0
GCTAGACCGTCTACTG-1	6_0	1	42	104	1.0	0.0	0.0	0.4998657768292399	0	0	0	0	0
ACGTCTCGTTCCGGGA-1	1_0	1	44	6	1.0	0.0	0.2169090815232139	0.4843532094744619	0	0	0	0	0
AAACTTGCAAACGTAT-1	5_0	1	45	19	6.0	0.1666666666666666	0.9989522915836097	0.9988412151502204	1	1	1	1	1
AGGGCGAGCAGCTGAT-1	5_0	1	44	20	7.0	0.0	0.5	0.410645602985286	0	0	0	0	0
AACACGAGACGCGGCC-1	5_0	1	45	21	26.0	0.0769230769230769	0.999999731675704	0.9999970550283852	2	1	1	1	1
TGACGAATATTTCCCT-1	5_0	1	44	22	3.0	0.0	0.4800534035651726	0.4549458999210039	0	0	0	0	0
TCGGAGAGTATCGGGA-1	5_0	1	45	23	2.0	0.0	0.2857341439218087	0.4699186152508821	0	0	0	0	0
AGGCCCTAGAACGCCA-1	5_0	1	45	25	4.0	0.0	0.5	0.4400542078233802	0	0	0	0	0
TCACCCTCTTAAGATT-1	3_0	1	45	59	1.0	0.0	0.0	0.4998657768292399	0	0	0	0	0
CTTTAGTGCTATTATT-1	3_0	1	44	64	1.0	0.0	0.0	0.4998657768292399	0	0	0	0	0
TATAGCGCACGTTATC-1	1_0	1	47	7	2.0	0.0	0.2064631352515034	0.4687370344026992	0	0	0	0	0
GCCAAGAATACTTCTG-1	1_0	1	46	10	1.0	0.0	0.2169090815232139	0.4843532094744619	0	0	0	0	0
ACAGTAATACAACTTG-1	1_0	1	46	14	2.0	0.0	0.3738595533102746	0.4687370344026992	0	0	0	0	0
AGGTCAGGTGAGAGTG-1	5_0	1	46	20	1.0	0.0	0.5	0.484945672770439	0	0	0	0	0
TCCTCCTAAGACATTC-1	5_0	1	47	21	11.0	0.0	0.416481875001558	0.3401578946587515	0	0	0	0	0
ATGTGAAAGCCTAATG-1	5_0	1	46	22	2.0	0.0	0.4326628086477221	0.4699186152508821	0	0	0	0	0
AGTCGGCTCAACTTTA-1	5_0	1	47	23	5.0	0.0	0.4501028212711549	0.4252805211488467	0	0	0	0	0
CGATCTGTTGGAGGAC-1	5_0	1	46	24	3.0	0.0	0.4800534035651726	0.4549458999210039	0	0	0	0	0
ACGGGAGTGTCGGCCC-1	5_0	1	47	25	20.0	0.05	0.9996283539648	0.9973111494507992	1	1	1	1	1
TTAACTTCAGGTAGGA-1	5_0	1	46	26	17.0	0.0588235294117647	0.9994408680268873	0.9977548812054188	1	1	1	1	1
CCACGGAGCCATAAGA-1	5_0	1	47	27	10.0	0.1	0.9998421196830762	0.9992606084989264	1	1	1	1	1
CTTCTATGTTGAAGTA-1	5_0	1	46	28	1.0	0.0	0.298184544564345	0.484945672770439	0	0	0	0	0
CACCGTTGCGCGATAT-1	5_0	1	47	29	2.0	0.0	0.2857341439218087	0.4699186152508821	0	0	0	0	0
AGTTTGGCCAGACCTA-1	0_0	1	47	31	1.0	0.0	0.0	0.4998657768292399	0	0	0	0	0
GACTACAAAGCGGTGG-1	5_0	1	49	21	2.0	0.0	0.3630942496048351	0.4699186152508821	0	0	0	0	0
CAGCTGGCGTAACCGT-1	5_0	1	48	22	4.0	0.0	0.4033644026017166	0.4400542078233802	0	0	0	0	0
ACTCGTAACCCGTCCT-1	5_0	1	49	23	10.0	0.1	0.9994943540650348	0.99852597269913	1	1	1	1	1
CATATGTCAGGCTACG-1	5_0	1	48	24	12.0	0.0	0.5	0.3267807359766354	0	0	0	0	0
GCCCGACTTCTTCCCG-1	5_0	1	49	25	22.0	0.0	0.5	0.2099575464114274	0	0	0	0	0
CTGGCATCCGAATGAG-1	5_0	1	48	26	24.0	0.0	0.5	0.1907084725261171	0	0	0	0	0
AAGTGCGTTAGAATCT-1	5_0	1	49	27	6.0	0.1666666666666666	0.9998400400864724	0.9988411636225222	1	1	1	1	1
AGAAGTGATTCGTGAT-1	5_0	1	48	28	5.0	0.2	0.9990135074480634	0.9989089139377954	1	1	1	1	1
TACCTTAAGATTTCCC-1	5_0	1	49	29	2.0	0.0	0.3630942496048351	0.4699186152508821	0	0	0	0	0
AATGACAGCAATGTCT-1	0_0	1	48	30	2.0	0.0	0.0	0.4997315536778249	0	0	0	0	0
ATCAAACGAAGGTTTG-1	0_0	1	49	33	1.0	0.0	0.0	0.4998657768292399	0	0	0	0	0
GCCCGCGCGTAAACGG-1	0_0	1	49	41	1.0	0.0	0.0	0.4998657768292399	0	0	0	0	0
AATAGAATCTGTTTCA-1	2_0	1	48	86	1.0	0.0	0.0	0.4998657768292399	0	0	0	0	0
AGGCATTGTCGTAGGG-1	2_0	1	49	99	1.0	0.0	0.0	0.4998657768292399	0	0	0	0	0
CTGGACGCAGTCCGGC-1	5_0	1	51	13	1.0	0.0	0.2097057707229527	0.484945672770439	0	0	0	0	0
AATCTGGCTTTCTAGT-1	5_0	1	51	15	1.0	0.0	0.298184544564345	0.484945672770439	0	0	0	0	0
GGATCTTGACTCAACC-1	5_0	1	51	17	3.0	0.0	0.4179412186537271	0.4549458999210039	0	0	0	0	0
GAGTTGATGGCAATTT-1	5_0	1	51	19	2.0	0.0	0.495101847475031	0.4699186152508821	0	0	0	0	0
GTGGCAAACAGCGGCA-1	5_0	1	50	20	1.0	0.0	0.2097057707229527	0.484945672770439	0	0	0	0	0
GATGTAACGAACCACC-1	5_0	1	51	21	1.0	0.0	0.3771356715322134	0.484945672770439	0	0	0	0	0
AGCCGTGGCTAAATGT-1	5_0	1	50	22	8.0	0.0	0.4058842060456846	0.3818073163360543	0	0	0	0	0
CTCCCTCCTTTCGATC-1	5_0	1	51	23	3.0	0.0	0.4179412186537271	0.4549458999210039	0	0	0	0	0
TTGGAAGAATACAGTC-1	5_0	1	50	24	27.0	0.0	0.5	0.1643572845128484	0	0	0	0	0
AGTTAAGTCAACCGCT-1	5_0	1	51	25	7.0	0.0	0.5	0.3961223206358078	0	0	0	0	0
CTCATGGTAATTTGCG-1	5_0	1	50	26	37.0	0.0	0.5	0.0965934578890472	0	0	0	0	0
AAAGTAGCATTGCTCA-1	5_0	1	51	27	12.0	0.0833333333333333	0.999462953165103	0.998434528956433	1	1	1	1	1
TTGTGGTAGGAGGGAT-1	5_0	1	50	28	2.0	0.0	0.4326628086477221	0.4699186152508821	0	0	0	0	0
GCTGCTACTGCGTAGC-1	2_0	1	51	75	1.0	0.0	0.0	0.4998657768292399	0	0	0	0	0
GCAGATCCATAAGACT-1	2_0	1	51	85	1.0	0.0	0.0	0.4998657768292399	0	0	0	0	0
CCCAGTAAACTTGGGA-1	5_0	1	52	12	1.0	0.0	0.298184544564345	0.484945672770439	0	0	0	0	0
AGATTCACAACCGATA-1	5_0	1	53	13	2.0	0.5	0.998941239796348	0.9990890593473376	1	1	1	1	1
AGAAGGTACACTTCAC-1	5_0	1	52	14	1.0	0.0	0.3771356715322134	0.484945672770439	0	0	0	0	0
GCAGGAACTTAGATCT-1	5_0	1	53	15	2.0	0.0	0.3630942496048351	0.4699186152508821	0	0	0	0	0
AATCTAGGTTTACTTG-1	5_0	1	52	16	3.0	0.3333333333333333	0.9984964141244488	0.9990325568056574	1	1	1	1	1
CCCGGTGTATCGGAAT-1	5_0	1	53	17	4.0	0.0	0.4033644026017166	0.4400542078233802	0	0	0	0	0
TTATCCTCAAGGAATA-1	5_0	1	52	18	12.0	0.0	0.5	0.3267843675033453	0	0	0	0	0
AGCATCATTTCGAAAG-1	5_0	1	53	19	5.0	0.0	0.4500918027300606	0.4252696403245478	0	0	0	0	0
CGCGAGTCTGCCGGGT-1	5_0	1	52	20	3.0	0.3333333333333333	0.9988755788310258	0.9990325568056574	1	1	1	1	1
TGCGTCATGACTGAGC-1	5_0	1	53	21	2.0	0.0	0.1998974572015789	0.4699186152508821	0	0	0	0	0
ACAGAACTGAGAACAA-1	5_0	1	52	24	1.0	0.0	0.4475042728191851	0.484945672770439	0	0	0	0	0
CTACTATCATAGGTTT-1	5_0	1	53	25	1.0	1.0	0.9986668394506224	0.99914226474844	1	1	1	1	1
CCTCTATCGATTAGCA-1	5_0	1	52	26	1.0	0.0	0.5	0.484945672770439	0	0	0	0	0
TCACGATGTCCGTGGA-1	5_0	1	52	28	1.0	1.0	0.998101203795392	0.99914226474844	1	1	1	1	1
CCGCCGGAACTTCTCG-1	5_0	1	54	12	1.0	0.0	0.3771356715322134	0.484945672770439	0	0	0	0	0
GCCATTAGCCTCAAAC-1	5_0	1	55	13	2.0	0.0	0.495101847475031	0.4699186152508821	0	0	0	0	0
GTTAGGCTACCCGTTT-1	5_0	1	54	14	3.0	0.3333333333333333	0.9995293452938372	0.9990325568056574	1	1	1	1	1
GGGTATTCTAGCAAAC-1	5_0	1	55	15	22.0	0.0	0.5	0.2099649308819196	0	0	0	0	0
GCCCTAGCCGTCGCGA-1	5_0	1	54	16	3.0	0.0	0.5	0.4699186152508821	0	0	0	0	0
CAGATCCTGGTTTGAA-1	5_0	1	55	17	9.0	0.1111111111111111	0.9995516978040316	0.9986929939592992	1	1	1	1	1
CTTCAGTGGTCGCCTA-1	5_0	1	54	18	2.0	0.5	0.9979835516102894	0.9990890593473376	1	1	1	1	1
GGGCAACCGCACGTGC-1	5_0	1	55	19	8.0	0.125	0.9990556896935244	0.9986930520667456	1	1	1	1	1
GAGGCCCGACTCCGCA-1	5_0	1	55	23	1.0	0.0	0.2097057707229527	0.484945672770439	0	0	0	0	0
TAACATACACGCGATC-1	5_0	1	55	25	2.0	0.0	0.4326628086477221	0.4699186152508821	0	0	0	0	0
CCGACGGGCATGAGGT-1	5_0	1	54	26	1.0	0.0	0.3771356715322134	0.484945672770439	0	0	0	0	0
AATGTGCCCGAGGTGT-1	5_0	1	55	27	6.0	0.0	0.5	0.4106175396327476	0	0	0	0	0
AGCTGTAACCTCAATC-1	5_0	1	54	28	3.0	0.3333333333333333	0.9993010893891678	0.9990325998312936	1	1	1	1	1
CGAGTGAAGGTACCAG-1	5_0	1	55	29	5.0	0.0	0.5	0.4252696403245478	0	0	0	0	0
AGTCTCACAAGACTAC-1	5_0	1	54	30	1.0	1.0	0.998101203795392	0.99914226474844	1	1	1	1	1
ACGAGGTTTACAACGT-1	5_0	1	57	13	11.0	0.0	0.3772078830861008	0.3538190094045849	0	0	0	0	0
AACCCATCCCATGATC-1	5_0	1	56	14	16.0	0.125	0.9999995015291872	0.9999982873401936	2	1	1	1	1
TCGACAACTGAACCCG-1	5_0	1	57	15	21.0	0.0952380952380952	0.9999990593286248	0.9999976854284888	2	1	1	1	1
TATCTTGCAATACAAC-1	5_0	1	56	16	78.0	0.0641025641025641	0.9999999999999984	0.9999999999999684	5	1	1	1	1
TATTATGTTTGCCTGC-1	5_0	1	57	17	46.0	0.0869565217391304	0.999999999999525	0.9999999999931842	4	1	1	1	1
GTCAAAGAAGTGGTGT-1	5_0	1	56	18	79.0	0.0253164556962025	0.9999973520297522	0.9999436610713054	2	1	1	1	1
GGGACAGAGTTACTCC-1	5_0	1	57	19	6.0	0.0	0.5	0.4106175396327476	0	0	0	0	0
AGCAACCGAAAGTAAT-1	5_0	1	56	20	5.0	0.0	0.4501205035403012	0.4252979824639089	0	0	0	0	0
CTCTCTAACTGCCTAG-1	5_0	1	57	21	5.0	0.0	0.5	0.4252696403245478	0	0	0	0	0
ATACGGAACGTCGTTT-1	5_0	1	56	22	3.0	0.0	0.3492824522870413	0.4549458999210039	0	0	0	0	0
TCGGTCCCGACAATAG-1	5_0	1	57	23	3.0	0.0	0.5	0.4549458999210039	0	0	0	0	0
CGCGCAAATGTCCAGA-1	5_0	1	56	24	4.0	0.25	0.9988059037437722	0.9989725988996336	1	1	1	1	1
TCTAATACTGCCTCAG-1	5_0	1	57	25	4.0	0.0	0.5	0.4549458999210039	0	0	0	0	0
CTCGGTTGTCGGCCCT-1	5_0	1	56	26	7.0	0.0	0.4909872275863911	0.4106175396327476	0	0	0	0	0
GGTAACCGGGAGGATA-1	5_0	1	57	27	2.0	0.0	0.495101847475031	0.4699186152508821	0	0	0	0	0
CAGGCGCACGGTGGTC-1	5_0	1	56	28	15.0	0.1333333333333333	0.999999743580608	0.9999983875291824	2	1	1	1	1
TCATCGATGGTCCCAA-1	5_0	1	57	29	1.0	1.0	0.9990030702935838	0.99914226474844	1	1	1	1	1
CAAAGATTATTGGGCC-1	5_0	1	56	30	1.0	0.0	0.298184544564345	0.484945672770439	0	0	0	0	0
TGCTCGGCGAAACCCA-1	0_0	1	57	61	1.0	0.0	0.0	0.4998657768292399	0	0	0	0	0
CATGGGTATGCCTTAT-1	2_0	1	56	82	1.0	0.0	0.0	0.4998657768292399	0	0	0	0	0
GTGGAGCGTTTACCGA-1	5_0	1	58	16	7.0	0.0	0.3607356359189232	0.3961223206358078	0	0	0	0	0
AGGCGGTTTGTCCCGC-1	5_0	1	59	17	17.0	0.0588235294117647	0.9995199919793568	0.9977546714212536	1	1	1	1	1
TCCCTGGCGTATTAAC-1	5_0	1	58	18	8.0	0.0	0.5	0.3818178239044601	0	0	0	0	0
AAACACCAATAACTGC-1	5_0	1	59	19	1.0	0.0	0.4475042728191851	0.484945672770439	0	0	0	0	0
TGGACGCAATCCAGCC-1	5_0	1	58	20	14.0	0.1428571428571428	0.9999997391917222	0.9999992389711156	2	1	1	1	1
GTATCTCAGTCTTGAC-1	5_0	1	58	22	3.0	0.0	0.3492824522870413	0.4549458999210039	0	0	0	0	0
AGATGCAAGACGTGCA-1	5_0	1	58	24	7.0	0.0	0.5	0.3961223206358078	0	0	0	0	0
AGTATGCTGGAGACCA-1	5_0	1	58	26	22.0	0.0909090909090909	0.9999994753719088	0.9999975416154014	2	1	1	1	1
GCGCAAATATATTCAA-1	5_0	1	58	28	3.0	0.0	0.3492824522870413	0.4549458999210039	0	0	0	0	0
GAAGAAACGATATTGT-1	5_0	1	59	29	3.0	0.0	0.5	0.4549569389804274	0	0	0	0	0
GGACCTCTAGGCCGCC-1	5_0	1	58	30	4.0	0.0	0.5	0.4400542078233802	0	0	0	0	0
CTACAAGAAATAACCC-1	0_0	1	58	40	1.0	0.0	0.0	0.4998657768292399	0	0	0	0	0
CCTGGTCGAATGTGGG-1	0_0	1	59	69	1.0	0.0	0.0	0.4998657768292399	0	0	0	0	0
TGCGACGGCCGAACGT-1	0_0	1	60	32	1.0	0.0	0.0	0.4998657768292399	0	0	0	0	0
CGTTCAGACCCGCGAA-1	5_6	1	65	61	1.0	0.0	0.0	0.4998657768292399	0	0	0	0	0
GAACAACTGGGATGAA-1	0_0	1	67	85	1.0	0.0	0.0	0.4998657768292399	0	0	0	0	0
CCCTCGATAATACACA-1	5_0	1	69	29	3.0	0.3333333333333333	0.9984964141244488	0.9990325568056574	1	1	1	1	1
CAAGTAAGTGATAGAC-1	5_6	1	69	53	1.0	0.0	0.0	0.4998657768292399	0	0	0	0	0
GCTGAAGGGTTCTTGG-1	5_0	1	70	4	1.0	0.0	0.3771461289697931	0.48495679209107	0	0	0	0	0
TAGACTCAGTTGGCCT-1	5_0	1	70	14	11.0	0.0	0.5	0.3401578946587515	0	0	0	0	0
CAGTGTTAATCTCTCA-1	5_0	1	70	16	5.0	0.0	0.5	0.4252696403245478	0	0	0	0	0
CAGGCCAGTACCACCT-1	5_0	1	71	17	31.0	0.064516129032258	0.9999997712121402	0.9999962525981924	2	1	1	1	1
GTATCTCGGGCGCTTT-1	5_0	1	71	19	1.0	0.0	0.5	0.484945672770439	0	0	0	0	0
ACTACAAAGAGAGGTG-1	5_6	1	71	49	3.0	0.0	0.0	0.4997315536778249	0	0	0	0	0
CCTGTTCAACCTCGGG-1	5_6	1	71	51	1.0	0.0	0.0	0.4998657768292399	0	0	0	0	0
ATTGTCTGTTTCATGT-1	5_6	1	71	53	1.0	0.0	0.0	0.4998657768292399	0	0	0	0	0
CTCGAGGCAAGTTTCA-1	5_0	1	72	32	6.0	0.1666666666666666	0.9997116609009096	0.9988412666756298	1	1	1	1	1
GCTGGGAGCGCGTCAA-1	5_0	1	73	33	4.0	0.25	0.999395259750134	0.9989725532081684	1	1	1	1	1
GTCGGGTGAAGTACCG-1	0_0	1	72	116	1.0	0.0	0.0	0.4998657768292399	0	0	0	0	0
