CGTGCCCGACATTTGT-1	4_0	1	1	59	1.0	0.0	0.5	0.4000036912842906	0	0	0	0	0
CATTATAACAGGGTCC-1	4_0	1	1	65	1.0	1.0	1.0	0.999849671655151	1	1	1	1	1
CGTCAGTTTATCGTCT-1	4_0	1	2	60	1.0	0.0	0.5	0.4000036912842906	0	0	0	0	0
GTCAATTGTACTGAAG-1	4_0	1	5	45	1.0	1.0	0.9999999997170876	0.999849671655151	1	1	1	1	1
GAGCCACGGTAGTAGG-1	4_0	1	9	47	1.0	0.0	0.5	0.4000036912842906	0	0	0	0	0
ATTCTCGTCTCTTTAG-1	1_0	1	11	51	1.0	0.0	0.5	0.4601676037882475	0	0	0	0	0
CTATGTCTATTGAAAC-1	1_0	1	11	55	1.0	0.0	0.5	0.4601676037882475	0	0	0	0	0
ACTGTGCTAGTAGATC-1	4_0	1	13	31	1.0	0.0	0.5	0.4000036912842906	0	0	0	0	0
TGCGAGCCCTTCCGCG-1	6_2	1	12	102	1.0	0.0	0.0	0.4998657768292399	0	0	0	0	0
TCTTACAGAGGTACCG-1	1_0	1	15	45	1.0	0.0	0.5	0.4601676037882475	0	0	0	0	0
GTGCAACAAATGTGGC-1	1_0	1	14	62	1.0	0.0	0.5	0.4601676037882475	0	0	0	0	0
CATGCGTTAGACAGAA-1	1_0	1	15	63	1.0	0.0	0.5	0.4601676037882475	0	0	0	0	0
GGTGAGATGCAGATAA-1	4_0	1	16	36	1.0	1.0	0.9999981206166964	0.999849671655151	1	1	1	1	1
AGGACATCGCACGTCG-1	1_0	1	16	38	2.0	0.0	0.5	0.4208376100340272	0	0	0	0	0
GTGGACGTGCTGAGAC-1	5_10	1	17	39	1.0	1.0	0.9999897036681344	0.999782879121799	1	1	1	1	1
GCATCCCTAACTTTGA-1	5_10	1	16	42	2.0	0.0	0.5	0.3717424373738152	0	0	0	0	0
TATATTACAAATGTCG-1	2_0	1	17	107	1.0	0.0	0.0	0.4998657768292399	0	0	0	0	0
TTGAACGAATCCTTTG-1	4_0	1	19	21	1.0	0.0	0.5	0.4000036912842906	0	0	0	0	0
TCTATCATGCAGTTAC-1	5_10	1	18	40	1.0	0.0	0.5	0.4347800967728014	0	0	0	0	0
CCCGCCATGCTCCCGT-1	1_0	1	19	41	2.0	0.0	0.5	0.4601676037882475	0	0	0	0	0
CGCTTCCACTGAAATC-1	5_10	1	18	42	2.0	0.0	0.5	0.4347800967728014	0	0	0	0	0
CACTGTCCAAGTGAGA-1	5_10	1	19	43	4.0	0.0	0.5	0.2593225002126171	0	0	0	0	0
CATAGTAGCATAGTAG-1	1_0	1	19	45	1.0	0.0	0.5	0.4601676037882475	0	0	0	0	0
TAACAAAGGGAGAAGC-1	1_0	1	21	35	2.0	0.0	0.5	0.4601676037882475	0	0	0	0	0
TTACATCGTGGCCTGG-1	1_0	1	20	36	1.0	0.0	0.5	0.4601676037882475	0	0	0	0	0
GGCTCGTGCCACCAGC-1	1_0	1	20	38	1.0	0.0	0.5	0.4601676037882475	0	0	0	0	0
TATAAATCCACAAGCT-1	5_10	1	20	44	1.0	1.0	0.9999800684232764	0.999782879121799	1	1	1	1	1
TTCCTCGAGGGTGTCT-1	5_10	1	21	49	1.0	1.0	0.9999800684232764	0.999782879121799	1	1	1	1	1
TGTGACTACGCCAGTC-1	0_19	1	21	73	1.0	0.0	0.0	0.4998657768292399	0	0	0	0	0
AACGCATGATCTGGGT-1	2_0	1	20	104	1.0	0.0	0.0	0.4998657768292399	0	0	0	0	0
CTAGCCGATGTTATGA-1	3_0	1	23	101	1.0	0.0	0.0	0.4998657768292399	0	0	0	0	0
TCTTACGGCATCCGAC-1	5_0	1	25	29	3.0	0.3333333333333333	0.9999334012534584	0.9995311447392304	1	1	1	1	1
GAAAGTGACTAACTGC-1	1_0	1	25	31	2.0	0.5	0.9999160348732136	0.9996016919968764	1	1	1	1	1
TTATGTTTGCGATAGA-1	4_0	1	26	20	1.0	0.0	0.5	0.4000036912842906	0	0	0	0	0
GGTTAGTTACGGCGCC-1	1_0	1	27	23	2.0	0.0	0.5	0.4208422042753876	0	0	0	0	0
ATTCAGTAGCAGGGTC-1	1_0	1	27	25	5.0	0.2	0.9997891168175738	0.9993571029059086	1	1	1	1	1
CAGTTCCGCGGGTCGA-1	5_0	1	26	26	15.0	0.2	0.999999999998549	0.9999999998134064	3	1	1	1	1
AAGAGATGAATCGGTA-1	5_0	1	27	27	3.0	0.3333333333333333	0.9999784925176588	0.9995311447392304	1	1	1	1	1
CGCAATTCTACAATAA-1	5_0	1	26	28	18.0	0.0	0.5	0.2629947285242214	0	0	0	0	0
TAACGCTTTGAGAGCG-1	5_0	1	27	29	2.0	0.0	0.5	0.4603946853214335	0	0	0	0	0
AGGCTATGGTTAGCTT-1	5_0	1	26	30	1.0	0.0	0.5	0.4603946853214335	0	0	0	0	0
GAGGAATGGAGAGGTT-1	1_0	1	27	31	1.0	0.0	0.5	0.4601676037882475	0	0	0	0	0
TCCTCTACGAGATGGC-1	1_0	1	26	32	1.0	0.0	0.5	0.460172286242819	0	0	0	0	0
TCAGTACTGACCCGCG-1	1_0	1	26	34	1.0	0.0	0.5	0.4601676037882475	0	0	0	0	0
ATCTGGTTAAGACTGT-1	3_0	1	26	76	1.0	0.0	0.0	0.4998657768292399	0	0	0	0	0
TAATAGTGACGACCAG-1	5_1	1	27	83	2.0	0.0	0.5	0.4524563413888031	0	0	0	0	0
GATCCTAAATCGGGAC-1	5_1	1	27	95	1.0	0.0	0.5	0.4761741925626083	0	0	0	0	0
CCTCACCTTAGCATCG-1	5_1	1	27	97	1.0	0.0	0.5	0.4761741925626083	0	0	0	0	0
GGGAATTCTGTCCAGT-1	4_0	1	28	4	1.0	0.0	0.5	0.4000036912842906	0	0	0	0	0
AAGTGCAAAGGTAGAC-1	4_0	1	28	10	1.0	0.0	0.5	0.4000036912842906	0	0	0	0	0
TGATAGCGGGATTCTA-1	4_0	1	28	12	1.0	1.0	0.9999981206166964	0.999849671655151	1	1	1	1	1
TATGAAGACAGGTGCG-1	1_0	1	29	21	1.0	0.0	0.5	0.4601676037882475	0	0	0	0	0
TACCTGCTGCACTGTG-1	1_0	1	28	22	1.0	0.0	0.5	0.4601676037882475	0	0	0	0	0
GAAACTCGTGCGATGC-1	1_0	1	28	24	3.0	0.0	0.5	0.3824873898831836	0	0	0	0	0
CCGCACGTGACCTCGG-1	1_0	1	28	26	1.0	0.0	0.5	0.4601676037882475	0	0	0	0	0
AACAGGATGGGCCGCG-1	1_0	1	29	31	1.0	0.0	0.5	0.4601676037882475	0	0	0	0	0
TTGATCTAACTTTGTC-1	1_0	1	29	47	1.0	0.0	0.5	0.4601676037882475	0	0	0	0	0
ACAATTTGAGCAGTGG-1	5_1	1	28	82	1.0	0.0	0.5	0.4761823149594201	0	0	0	0	0
GACTCGCGGGAATGAC-1	5_1	1	28	96	1.0	0.0	0.5	0.4761741925626083	0	0	0	0	0
AGGGAGACATACTTCG-1	6_1	1	29	113	1.0	0.0	0.5	0.3333444711995577	0	0	0	0	0
TGTGTTCGTATCCAAG-1	1_0	1	31	21	1.0	0.0	0.5	0.4601676037882475	0	0	0	0	0
TACAAGTCTCGTGCAT-1	1_0	1	31	27	1.0	0.0	0.5	0.4601676037882475	0	0	0	0	0
TCGGAATGCGCTCTGA-1	1_0	1	30	28	2.0	0.5	0.9999160348732136	0.9996016919968764	1	1	1	1	1
GGCGTCCTATCCGCTG-1	1_0	1	31	33	1.0	1.0	0.9998886440144812	0.9996604516236798	1	1	1	1	1
TGCGCAAAGCATTTGG-1	0_19	1	31	67	1.0	0.0	0.0	0.4998657768292399	0	0	0	0	0
ACTGTACGATACACAT-1	5_1	1	30	78	2.0	0.0	0.4056042985034568	0.4524563413888031	0	0	0	0	0
CTAACGAAACTTGCTG-1	0_19	1	30	94	1.0	0.0	0.0	0.4998657768292399	0	0	0	0	0
TTAAACTCGAATTCAT-1	5_1	1	31	95	1.0	0.0	0.4287894807835439	0.4761741925626083	0	0	0	0	0
TAGATTCCTGGTTATT-1	1_0	1	32	20	1.0	0.0	0.5	0.4601676037882475	0	0	0	0	0
GTGAGCGTGCTGCACT-1	5_0	1	33	25	2.0	1.0	0.9999999922854174	0.9999998833992868	2	1	1	1	1
TCCCTGGCTCGCTGGA-1	5_0	1	33	27	3.0	0.0	0.5	0.4212878983702551	0	0	0	0	0
CACGAAAGTTAGTCCC-1	5_0	1	33	29	1.0	0.0	0.5	0.4603946853214335	0	0	0	0	0
GGGCTGCCTAGGGCGA-1	0_19	1	33	69	1.0	0.0	0.0	0.4998657768292399	0	0	0	0	0
TCGGAGTACATGAGTA-1	5_1	1	32	74	1.0	0.0	0.4287894807835439	0.4761741925626083	0	0	0	0	0
GTGTGAATAACTTAGG-1	0_19	1	33	83	1.0	0.0	0.0	0.4998657768292399	0	0	0	0	0
CGGCAGGGTCGGGTTG-1	5_1	1	32	94	1.0	1.0	0.9995525887586308	0.9994490613621968	1	1	1	1	1
AGTACGGCCCGTATCG-1	1_0	1	35	11	1.0	0.0	0.5	0.4601676037882475	0	0	0	0	0
AGCACTACCGGCCTGT-1	0_0	1	34	20	1.0	0.0	0.5	0.4399963043913802	0	0	0	0	0
GACCGACTGAAGCGTC-1	5_0	1	34	22	1.0	1.0	0.9999432241577134	0.9998288821093572	1	1	1	1	1
CCCTGCGCTACGCATA-1	5_0	1	34	24	2.0	0.0	0.5	0.4603946853214335	0	0	0	0	0
TACTGGACAGCTCGGC-1	5_0	1	35	25	7.0	0.2857142857142857	0.9999999908423666	0.9999998002776284	2	1	1	1	1
TTAGTAGGGCGGCGGG-1	5_0	1	34	26	4.0	0.0	0.5	0.3463892558784215	0	0	0	0	0
GAGGCTATCAAAGTCG-1	5_0	1	35	27	1.0	0.0	0.5	0.4603946853214335	0	0	0	0	0
TTACCATTGATTACCC-1	5_0	1	34	28	1.0	0.0	0.5	0.4603946853214335	0	0	0	0	0
ATACCACGGGCAACTT-1	5_0	1	35	29	4.0	0.0	0.5	0.4243490988185217	0	0	0	0	0
AGTGAGACTTCCAGTA-1	0_19	1	35	87	1.0	0.0	0.0	0.4998657768292399	0	0	0	0	0
AGGGTGCTCTCGAGGG-1	0_19	1	34	92	1.0	0.0	0.0	0.4998657768292399	0	0	0	0	0
CAAGGTCCTATAGGCT-1	6_1	1	34	110	1.0	1.0	0.9999999989976156	0.9998997725998132	1	1	1	1	1
TATAGGGTACTCATGA-1	5_0	1	36	20	2.0	0.0	0.5	0.4212832649274393	0	0	0	0	0
CCAGCTGATGGTACTT-1	5_0	1	37	21	3.0	0.3333333333333333	0.999994820478467	0.9995311447392304	1	1	1	1	1
AATATTGGAGTATTGA-1	5_0	1	36	22	2.0	0.5	0.9999614612305424	0.9995999421765378	1	1	1	1	1
GGCCCTCACCCACTTA-1	5_0	1	37	23	5.0	0.0	0.5	0.4243476238445845	0	0	0	0	0
AACCAAGACTTCTCTG-1	5_0	1	36	24	6.0	0.0	0.5	0.3861073067907699	0	0	0	0	0
TCGTATTACCCATTGC-1	5_0	1	37	25	5.0	0.2	0.9999573696684508	0.9993560586819652	1	1	1	1	1
ATTCGACGCCGGGCCT-1	5_0	1	36	26	3.0	0.0	0.5	0.4415233924472155	0	0	0	0	0
GGCGCAGGACATCTTC-1	5_0	1	37	27	5.0	0.4	0.9999999875791824	0.9999998122677324	2	1	1	1	1
GTACTCCCTTATCGCT-1	5_0	1	36	28	3.0	0.3333333333333333	0.9999334012534584	0.9995311447392304	1	1	1	1	1
AATAACAACGCTCGGC-1	5_0	1	36	30	7.0	0.2857142857142857	0.9999999977946566	0.9999998002776284	2	1	1	1	1
TCGGGATTCAAACATA-1	1_0	1	39	15	1.0	1.0	0.9998169121467306	0.9996604516236798	1	1	1	1	1
CCGATTCGAGGGACCC-1	5_0	1	38	20	4.0	0.0	0.5	0.3463784939107105	0	0	0	0	0
CCACTGGTGGCTGGTT-1	5_0	1	39	21	2.0	0.0	0.5	0.4212878983702551	0	0	0	0	0
GACAGGCACACACTAT-1	5_0	1	38	22	2.0	0.0	0.5	0.4212832649274393	0	0	0	0	0
TCAACGCGACCGGCAG-1	5_0	1	39	23	2.0	1.0	0.9999999887715634	0.9999998833992868	2	1	1	1	1
CTACGACTAGCTATAA-1	5_0	1	38	24	15.0	0.0666666666666666	0.9999965679981256	0.9987435486138824	1	1	1	1	1
CGGTTGACCTGGCATA-1	5_0	1	39	25	3.0	0.6666666666666666	0.999999993733809	0.9999998633382068	2	1	1	1	1
ATAAATATTAGCAGCT-1	5_0	1	38	28	2.0	0.0	0.5	0.4212832649274393	0	0	0	0	0
CATACGGCGTCTGGGC-1	3_0	1	39	63	1.0	0.0	0.0	0.4998657768292399	0	0	0	0	0
GTCGGGAACATGGTAG-1	1_0	1	40	4	1.0	0.0	0.5	0.4601676037882475	0	0	0	0	0
CAATACGCTCTGAGGC-1	1_0	1	40	10	1.0	0.0	0.5	0.4601676037882475	0	0	0	0	0
TGGTAAGCAGGATTGA-1	1_0	1	41	11	1.0	0.0	0.5	0.4601676037882475	0	0	0	0	0
AGACCGGGAAACCCTG-1	1_0	1	41	17	1.0	0.0	0.5	0.4601676037882475	0	0	0	0	0
CCCTGCCCAATCCGCT-1	1_0	1	41	19	1.0	0.0	0.5	0.4601676037882475	0	0	0	0	0
CCGTTCCGAATCTCGG-1	5_0	1	40	22	1.0	0.0	0.5	0.4603946853214335	0	0	0	0	0
CTCAGATTGTGATAAG-1	1_0	1	43	5	1.0	0.0	0.5	0.4601676037882475	0	0	0	0	0
CTTATGCGCTCAGGGC-1	1_0	1	43	11	1.0	0.0	0.4632400695605551	0.4601676037882475	0	0	0	0	0
TGCAGATCGTCCTAGG-1	1_0	1	42	18	1.0	1.0	0.9998169121467306	0.9996604516236798	1	1	1	1	1
TGCCAAAGTCAGACTT-1	1_0	1	43	19	1.0	1.0	0.9998169121467306	0.9996604516236798	1	1	1	1	1
TTGACTACCATATGGT-1	0_0	1	43	41	1.0	0.0	0.5	0.4399963043913802	0	0	0	0	0
GGCGAAATCTAACTTG-1	6_0	1	43	87	1.0	0.0	0.0	0.4998657768292399	0	0	0	0	0
GCTAGACCGTCTACTG-1	6_0	1	42	104	1.0	0.0	0.0	0.4998657768292399	0	0	0	0	0
ACGTCTCGTTCCGGGA-1	1_0	1	44	6	1.0	0.0	0.4632400695605551	0.4601676037882475	0	0	0	0	0
AAACTTGCAAACGTAT-1	5_0	1	45	19	6.0	0.5	0.999999999992234	0.9999999999453064	3	1	1	1	1
AGGGCGAGCAGCTGAT-1	5_0	1	44	20	6.0	0.1666666666666666	0.999977584928037	0.9995113688412672	1	1	1	1	1
AACACGAGACGCGGCC-1	5_0	1	45	21	26.0	0.0769230769230769	0.9999999978552347	0.999997766466901	2	1	1	1	1
TGACGAATATTTCCCT-1	5_0	1	44	22	3.0	0.6666666666666666	0.999999980595624	0.9999998633382068	2	1	1	1	1
TCGGAGAGTATCGGGA-1	5_0	1	45	23	2.0	0.0	0.5	0.4212832649274393	0	0	0	0	0
AGGCCCTAGAACGCCA-1	5_0	1	45	25	4.0	0.25	0.9999636266112246	0.9994505227972184	1	1	1	1	1
TCACCCTCTTAAGATT-1	3_0	1	45	59	1.0	0.0	0.0	0.4998657768292399	0	0	0	0	0
CTTTAGTGCTATTATT-1	3_0	1	44	64	1.0	0.0	0.0	0.4998657768292399	0	0	0	0	0
TATAGCGCACGTTATC-1	1_0	1	47	7	2.0	0.5	0.9996065838130908	0.9996016919968764	1	1	1	1	1
GCCAAGAATACTTCTG-1	1_0	1	46	10	1.0	1.0	0.9996646220261816	0.9996604516236798	1	1	1	1	1
ACAGTAATACAACTTG-1	1_0	1	46	14	2.0	0.0	0.5	0.4601676037882475	0	0	0	0	0
AGGTCAGGTGAGAGTG-1	5_0	1	46	20	1.0	0.0	0.5	0.4603946853214335	0	0	0	0	0
TCCTCCTAAGACATTC-1	5_0	1	47	21	10.0	0.1	0.9999147671230963	0.9991156139655322	1	1	1	1	1
ATGTGAAAGCCTAATG-1	5_0	1	46	22	2.0	0.5	0.9999145287074568	0.9995999421765378	1	1	1	1	1
AGTCGGCTCAACTTTA-1	5_0	1	47	23	5.0	0.2	0.9999334025190564	0.9995311536454604	1	1	1	1	1
CGATCTGTTGGAGGAC-1	5_0	1	46	24	3.0	0.3333333333333333	0.999943176970495	0.9995999421765378	1	1	1	1	1
ACGGGAGTGTCGGCCC-1	5_0	1	47	25	19.0	0.1578947368421052	0.9999999999992102	0.9999999997104816	3	1	1	1	1
TTAACTTCAGGTAGGA-1	5_0	1	46	26	17.0	0.0588235294117647	0.9999903588933238	0.999127626202194	1	1	1	1	1
CCACGGAGCCATAAGA-1	5_0	1	47	27	10.0	0.1	0.9999951200121204	0.9993728003760765	1	1	1	1	1
CTTCTATGTTGAAGTA-1	5_0	1	46	28	1.0	0.0	0.5	0.4603946853214335	0	0	0	0	0
CACCGTTGCGCGATAT-1	5_0	1	47	29	2.0	0.0	0.5	0.4212832649274393	0	0	0	0	0
AGTTTGGCCAGACCTA-1	0_0	1	47	31	1.0	0.0	0.5	0.4399963043913802	0	0	0	0	0
GACTACAAAGCGGTGG-1	5_0	1	49	21	2.0	0.5	0.9998672430121672	0.9995999421765378	1	1	1	1	1
CAGCTGGCGTAACCGT-1	5_0	1	48	22	4.0	0.0	0.5	0.4415233924472155	0	0	0	0	0
ACTCGTAACCCGTCCT-1	5_0	1	49	23	9.0	0.3333333333333333	0.99999999999865	0.9999999999396548	3	1	1	1	1
CATATGTCAGGCTACG-1	5_0	1	48	24	12.0	0.3333333333333333	0.9999999999999992	0.9999999999999516	4	1	1	1	1
GCCCGACTTCTTCCCG-1	5_0	1	49	25	21.0	0.0476190476190476	0.9999981399615794	0.9980667149114658	1	1	1	1	1
CTGGCATCCGAATGAG-1	5_0	1	48	26	22.0	0.0454545454545454	0.9999984447648134	0.9977120870215944	1	1	1	1	1
AAGTGCGTTAGAATCT-1	5_0	1	49	27	6.0	0.3333333333333333	0.9999999996271756	0.9999998633382068	2	1	1	1	1
AGAAGTGATTCGTGAT-1	5_0	1	48	28	5.0	0.0	0.5	0.3113667967803959	0	0	0	0	0
TACCTTAAGATTTCCC-1	5_0	1	49	29	2.0	0.0	0.5	0.4603946853214335	0	0	0	0	0
AATGACAGCAATGTCT-1	0_0	1	48	30	2.0	1.0	0.999999987453206	0.9999999453038224	2	1	1	1	1
ATCAAACGAAGGTTTG-1	0_0	1	49	33	1.0	0.0	0.5	0.4399963043913802	0	0	0	0	0
GCCCGCGCGTAAACGG-1	0_0	1	49	41	1.0	0.0	0.5	0.4399963043913802	0	0	0	0	0
AATAGAATCTGTTTCA-1	2_0	1	48	86	1.0	0.0	0.0	0.4998657768292399	0	0	0	0	0
AGGCATTGTCGTAGGG-1	2_0	1	49	99	1.0	0.0	0.0	0.4998657768292399	0	0	0	0	0
CTGGACGCAGTCCGGC-1	5_0	1	51	13	1.0	1.0	0.9996598596459212	0.99965864807522	1	1	1	1	1
AATCTGGCTTTCTAGT-1	5_0	1	51	15	1.0	0.0	0.5	0.4603946853214335	0	0	0	0	0
GGATCTTGACTCAACC-1	5_0	1	51	17	3.0	0.0	0.5	0.3831353002969667	0	0	0	0	0
GAGTTGATGGCAATTT-1	5_0	1	51	19	2.0	0.0	0.5	0.4212832649274393	0	0	0	0	0
GTGGCAAACAGCGGCA-1	5_0	1	50	20	1.0	1.0	0.9996598596459212	0.99965864807522	1	1	1	1	1
GATGTAACGAACCACC-1	5_0	1	51	21	1.0	1.0	0.9998867286864876	0.99965864807522	1	1	1	1	1
AGCCGTGGCTAAATGT-1	5_0	1	50	22	8.0	0.25	0.9999999717722337	0.9999998011965476	2	1	1	1	1
CTCCCTCCTTTCGATC-1	5_0	1	51	23	3.0	0.3333333333333333	0.999899824895964	0.9995311447392304	1	1	1	1	1
TTGGAAGAATACAGTC-1	5_0	1	50	24	24.0	0.0416666666666666	0.9999738754721194	0.9905144328997008	1	1	1	1	1
AGTTAAGTCAACCGCT-1	5_0	1	51	25	7.0	0.0	0.5	0.3949265700585675	0	0	0	0	0
CTCATGGTAATTTGCG-1	5_0	1	50	26	35.0	0.1142857142857142	1.0	0.9999999999993128	4	1	1	1	1
AAAGTAGCATTGCTCA-1	5_0	1	51	27	12.0	0.0	0.5	0.3533638238488219	0	0	0	0	0
TTGTGGTAGGAGGGAT-1	5_0	1	50	28	2.0	0.0	0.5	0.4212832649274393	0	0	0	0	0
GCTGCTACTGCGTAGC-1	2_0	1	51	75	1.0	0.0	0.0	0.4998657768292399	0	0	0	0	0
GCAGATCCATAAGACT-1	2_0	1	51	85	1.0	0.0	0.0	0.4998657768292399	0	0	0	0	0
CCCAGTAAACTTGGGA-1	5_0	1	52	12	1.0	0.0	0.5	0.4603946853214335	0	0	0	0	0
AGATTCACAACCGATA-1	5_0	1	53	13	2.0	0.0	0.5	0.4212832649274393	0	0	0	0	0
AGAAGGTACACTTCAC-1	5_0	1	52	14	1.0	0.0	0.5	0.4603946853214335	0	0	0	0	0
GCAGGAACTTAGATCT-1	5_0	1	53	15	2.0	0.0	0.5	0.4212832649274393	0	0	0	0	0
AATCTAGGTTTACTTG-1	5_0	1	52	16	3.0	0.0	0.5	0.4415233924472155	0	0	0	0	0
CCCGGTGTATCGGAAT-1	5_0	1	53	17	4.0	0.25	0.999906274603089	0.9995613212577946	1	1	1	1	1
TTATCCTCAAGGAATA-1	5_0	1	52	18	11.0	0.0	0.5	0.3618638204109826	0	0	0	0	0
AGCATCATTTCGAAAG-1	5_0	1	53	19	5.0	0.2	0.9999305899501592	0.999511361458182	1	1	1	1	1
CGCGAGTCTGCCGGGT-1	5_0	1	52	20	3.0	0.0	0.5	0.3831353002969667	0	0	0	0	0
TGCGTCATGACTGAGC-1	5_0	1	53	21	2.0	0.0	0.4612784436729089	0.4603946853214335	0	0	0	0	0
GTATGAAATTTCACTC-1	5_0	1	52	22	1.0	0.0	0.5	0.4603946853214335	0	0	0	0	0
ACAGAACTGAGAACAA-1	5_0	1	52	24	1.0	0.0	0.5	0.4603946853214335	0	0	0	0	0
CTACTATCATAGGTTT-1	5_0	1	53	25	1.0	0.0	0.5	0.4603946853214335	0	0	0	0	0
CCTCTATCGATTAGCA-1	5_0	1	52	26	1.0	0.0	0.5	0.4603946853214335	0	0	0	0	0
TCACGATGTCCGTGGA-1	5_0	1	52	28	1.0	0.0	0.5	0.4603946853214335	0	0	0	0	0
CCGCCGGAACTTCTCG-1	5_0	1	54	12	2.0	0.0	0.5	0.4603946853214335	0	0	0	0	0
GCCATTAGCCTCAAAC-1	5_0	1	55	13	2.0	0.0	0.5	0.4603946853214335	0	0	0	0	0
GTTAGGCTACCCGTTT-1	5_0	1	54	14	3.0	0.0	0.5	0.4212832649274393	0	0	0	0	0
GGGTATTCTAGCAAAC-1	5_0	1	55	15	21.0	0.238095238095238	1.0	1.0	5	1	1	1	1
GCCCTAGCCGTCGCGA-1	5_0	1	54	16	3.0	0.0	0.5	0.3831353002969667	0	0	0	0	0
CAGATCCTGGTTTGAA-1	5_0	1	55	17	9.0	0.2222222222222222	0.9999999950776008	0.9999997799685152	2	1	1	1	1
CTTCAGTGGTCGCCTA-1	5_0	1	54	18	2.0	0.0	0.5	0.4212832649274393	0	0	0	0	0
GGGCAACCGCACGTGC-1	5_0	1	55	19	7.0	0.1428571428571428	0.9999404785293295	0.9993822495081354	1	1	1	1	1
GAGGCCCGACTCCGCA-1	5_0	1	55	23	1.0	1.0	0.9996598596459212	0.99965864807522	1	1	1	1	1
TAACATACACGCGATC-1	5_0	1	55	25	2.0	0.5	0.9999145287074568	0.9995999421765378	1	1	1	1	1
CCGACGGGCATGAGGT-1	5_0	1	54	26	1.0	0.0	0.5	0.4603946853214335	0	0	0	0	0
AATGTGCCCGAGGTGT-1	5_0	1	55	27	6.0	0.0	0.5	0.2783777009424956	0	0	0	0	0
AGCTGTAACCTCAATC-1	5_0	1	54	28	2.0	0.0	0.5	0.4212878983702551	0	0	0	0	0
CGAGTGAAGGTACCAG-1	5_0	1	55	29	4.0	0.25	0.9999548309578784	0.9995311447392304	1	1	1	1	1
AGTCTCACAAGACTAC-1	5_0	1	54	30	1.0	0.0	0.5	0.4603946853214335	0	0	0	0	0
ACGAGGTTTACAACGT-1	5_0	1	57	13	11.0	0.1818181818181818	0.9999999628932356	0.999999738663258	2	1	1	1	1
AACCCATCCCATGATC-1	5_0	1	56	14	15.0	0.2666666666666666	0.999999999999999	0.9999999999999344	4	1	1	1	1
TCGACAACTGAACCCG-1	5_0	1	57	15	20.0	0.15	0.9999999999862312	0.9999999995692348	3	1	1	1	1
TATCTTGCAATACAAC-1	5_0	1	56	16	76.0	0.1447368421052631	1.0	1.0	11	1	1	1	1
TATTATGTTTGCCTGC-1	5_0	1	57	17	46.0	0.0652173913043478	0.9999999999938084	0.9999999870750343	3	1	1	1	1
GTCAAAGAAGTGGTGT-1	5_0	1	56	18	71.0	0.1971830985915492	1.0	1.0	14	1	1	1	1
GGGACAGAGTTACTCC-1	5_0	1	57	19	6.0	0.0	0.5	0.3949265700585675	0	0	0	0	0
AGCAACCGAAAGTAAT-1	5_0	1	56	20	4.0	0.0	0.5	0.4243507913775363	0	0	0	0	0
CTCTCTAACTGCCTAG-1	5_0	1	57	21	3.0	0.3333333333333333	0.9999735213262754	0.9995999421765378	1	1	1	1	1
ATACGGAACGTCGTTT-1	5_0	1	56	22	3.0	0.3333333333333333	0.9998672430121672	0.9995999421765378	1	1	1	1	1
TCGGTCCCGACAATAG-1	5_0	1	57	23	2.0	0.5	0.9999735213262754	0.9995999421765378	1	1	1	1	1
CGCGCAAATGTCCAGA-1	5_0	1	56	24	3.0	0.0	0.5	0.4212832649274393	0	0	0	0	0
TCTAATACTGCCTCAG-1	5_0	1	57	25	4.0	0.0	0.5	0.4212832649274393	0	0	0	0	0
CTCGGTTGTCGGCCCT-1	5_0	1	56	26	7.0	0.1428571428571428	0.9999404785293295	0.9993822495081354	1	1	1	1	1
GGTAACCGGGAGGATA-1	5_0	1	57	27	2.0	0.0	0.5	0.4212832649274393	0	0	0	0	0
CAGGCGCACGGTGGTC-1	5_0	1	56	28	15.0	0.0666666666666666	0.9999939389823111	0.9984346319444802	1	1	1	1	1
TCATCGATGGTCCCAA-1	5_0	1	57	29	1.0	0.0	0.5	0.4603946853214335	0	0	0	0	0
CAAAGATTATTGGGCC-1	5_0	1	56	30	1.0	1.0	0.9998140484719052	0.99965864807522	1	1	1	1	1
TGCTCGGCGAAACCCA-1	0_0	1	57	61	1.0	0.0	0.5	0.4399963043913802	0	0	0	0	0
CATGGGTATGCCTTAT-1	2_0	1	56	82	1.0	0.0	0.0	0.4998657768292399	0	0	0	0	0
GTGGAGCGTTTACCGA-1	5_0	1	58	16	6.0	0.3333333333333333	0.999999963087622	0.9999998271731888	2	1	1	1	1
AGGCGGTTTGTCCCGC-1	5_0	1	59	17	14.0	0.2857142857142857	0.9999999999999998	0.9999999999999596	4	1	1	1	1
TCCCTGGCGTATTAAC-1	5_0	1	58	18	5.0	0.4	0.9999999951580246	0.999999848513633	2	1	1	1	1
AAACACCAATAACTGC-1	5_0	1	59	19	1.0	0.0	0.5	0.4603946853214335	0	0	0	0	0
TGGACGCAATCCAGCC-1	5_0	1	58	20	14.0	0.0714285714285714	0.9999718570134158	0.998743552138506	1	1	1	1	1
GTATCTCAGTCTTGAC-1	5_0	1	58	22	2.0	0.0	0.5	0.4603946853214335	0	0	0	0	0
AGATGCAAGACGTGCA-1	5_0	1	58	24	6.0	0.3333333333333333	0.9999999885653632	0.9999998271731888	2	1	1	1	1
AGTATGCTGGAGACCA-1	5_0	1	58	26	20.0	0.2	0.9999999999999992	0.9999999999999089	4	1	1	1	1
GCGCAAATATATTCAA-1	5_0	1	58	28	3.0	0.0	0.5	0.3831353002969667	0	0	0	0	0
GAAGAAACGATATTGT-1	5_0	1	59	29	3.0	0.0	0.5	0.4212832649274393	0	0	0	0	0
GGACCTCTAGGCCGCC-1	5_0	1	58	30	4.0	0.0	0.5	0.4243476238445845	0	0	0	0	0
CTACAAGAAATAACCC-1	0_0	1	58	40	1.0	0.0	0.5	0.4399963043913802	0	0	0	0	0
CCTGGTCGAATGTGGG-1	0_0	1	59	69	1.0	0.0	0.5	0.4399963043913802	0	0	0	0	0
TGCGACGGCCGAACGT-1	0_0	1	60	32	1.0	0.0	0.5	0.4399963043913802	0	0	0	0	0
CGTTCAGACCCGCGAA-1	5_6	1	65	61	1.0	1.0	0.9997988939150496	0.9996493234570976	1	1	1	1	1
GAACAACTGGGATGAA-1	0_0	1	67	85	1.0	1.0	0.9996882676795876	0.999766182537576	1	1	1	1	1
CCCTCGATAATACACA-1	5_0	1	69	29	3.0	0.0	0.5	0.4212832649274393	0	0	0	0	0
CAAGTAAGTGATAGAC-1	5_6	1	69	53	1.0	0.0	0.5	0.4615286000733442	0	0	0	0	0
ACCTACTATAAATCTA-1	0_0	1	68	58	1.0	0.0	0.5	0.4399963043913802	0	0	0	0	0
GCTGAAGGGTTCTTGG-1	5_0	1	70	4	1.0	0.0	0.5	0.4603946853214335	0	0	0	0	0
TAGACTCAGTTGGCCT-1	5_0	1	70	14	11.0	0.3636363636363636	0.9999999999999996	0.9999999999999718	4	1	1	1	1
CAGTGTTAATCTCTCA-1	5_0	1	70	16	5.0	0.0	0.5	0.4243476238445845	0	0	0	0	0
CAGGCCAGTACCACCT-1	5_0	1	71	17	27.0	0.074074074074074	0.9999999992369624	0.9999977450701746	2	1	1	1	1
GTATCTCGGGCGCTTT-1	5_0	1	71	19	1.0	1.0	0.99995151782554	0.99965864807522	1	1	1	1	1
ACTACAAAGAGAGGTG-1	5_6	1	71	49	3.0	0.0	0.5	0.4235100356092989	0	0	0	0	0
CCTGTTCAACCTCGGG-1	5_6	1	71	51	1.0	0.0	0.5	0.4615286000733442	0	0	0	0	0
ATTGTCTGTTTCATGT-1	5_6	1	71	53	1.0	0.0	0.5	0.4615286000733442	0	0	0	0	0
CTCGAGGCAAGTTTCA-1	5_0	1	72	32	6.0	0.0	0.5	0.2783853365035085	0	0	0	0	0
GCTGGGAGCGCGTCAA-1	5_0	1	73	33	4.0	0.5	0.9999999894024796	0.9999998398256312	2	1	1	1	1
GTCGGGTGAAGTACCG-1	0_0	1	72	116	1.0	0.0	0.5	0.4399963043913802	0	0	0	0	0
