ATAGATTTGCAGTCGG-1	4_0	1	1	67	1.0	0.0	0.3481770213147103	0.4978070471655462	0	0	0	0	0
CTGGGCGGCCAAATGT-1	4_0	1	1	73	1.0	0.0	0.1572070460285047	0.4978070471655462	0	0	0	0	0
TAAAGGAGAAACTAGT-1	4_0	1	0	74	1.0	0.0	0.3481770213147103	0.4978070471655462	0	0	0	0	0
AGCTTCAATACTTTGA-1	4_0	1	0	76	2.0	0.0	0.3118956811142914	0.4956141786974901	0	0	0	0	0
AGACGGGATTGGTATA-1	4_0	1	1	79	1.0	0.0	0.3137813703052795	0.4978070471655462	0	0	0	0	0
TGTGATTCCAGCGCTT-1	4_0	1	0	86	1.0	0.0	0.1855710185410907	0.4978070471655462	0	0	0	0	0
GCCGGAAACACATCTT-1	4_0	1	3	53	1.0	0.0	0.3482089922035151	0.4978422637666455	0	0	0	0	0
TGTGGAGGAAGCTTAA-1	4_0	1	2	56	1.0	0.0	0.252401646235094	0.4978070471655462	0	0	0	0	0
ACTGTTTAGTGTAGGC-1	4_0	1	3	59	1.0	0.0	0.3481770213147103	0.4978070471655462	0	0	0	0	0
CGTCAGTTTATCGTCT-1	4_0	1	2	60	2.0	0.0	0.3462101481937844	0.4956376364734073	0	0	0	0	0
TCAGTTACGGAATGAT-1	1_0	1	3	75	1.0	0.0	0.1860835637845926	0.4947738048721673	0	0	0	0	0
GTAGCTAGTAAGCGCG-1	4_0	1	2	80	1.0	0.0	0.0975050136090909	0.4978070471655462	0	0	0	0	0
AGCTTATAGAGACCTG-1	4_0	1	5	47	1.0	0.0	0.3481770213147103	0.4978070471655462	0	0	0	0	0
AACTAGCGTATCGCAC-1	4_0	1	4	48	1.0	0.0	0.3481770213147103	0.4978070471655462	0	0	0	0	0
TGCTATACAAACGGAC-1	4_0	1	5	55	1.0	0.0	0.2129870189691125	0.4978070471655462	0	0	0	0	0
ACTTGCCATATTGTAC-1	4_0	1	4	56	2.0	0.0	0.3461889083281932	0.4956141786974901	0	0	0	0	0
TATTCCGGCAGTCCTA-1	4_0	1	5	57	1.0	0.0	0.2650990833536502	0.4978070471655462	0	0	0	0	0
GACGGACCGCGTTCCT-1	4_0	1	4	58	1.0	0.0	0.3481770213147103	0.4978070471655462	0	0	0	0	0
CGGCTGCAAGATTAAG-1	4_0	1	4	68	3.0	0.0	0.1549162917435427	0.4934591194796024	0	0	0	0	0
TAGAAACCACTAAGTA-1	4_0	1	5	79	1.0	0.0	0.1855710185410907	0.4978070471655462	0	0	0	0	0
ACTGATTTAGTGATTC-1	5_5	1	4	80	6.0	0.0	0.0	0.4994247071823302	0	0	0	0	0
TCGTATTTCGTCCGGA-1	5_5	1	5	81	4.0	0.0	0.0	0.4996602227045913	0	0	0	0	0
CGGAAATTTCACATCC-1	5_5	1	4	82	1.0	0.0	0.0	0.4998657768292399	0	0	0	0	0
ATCCACGCTAAATGTT-1	5_5	1	5	83	1.0	0.0	0.0	0.4998657768292399	0	0	0	0	0
GTTCAATCTATGTCAA-1	5_5	1	4	84	1.0	0.0	0.0	0.4998657768292399	0	0	0	0	0
ATAAAGGTCAAGTACG-1	5_5	1	5	85	1.0	0.0	0.0	0.4998657768292399	0	0	0	0	0
TAGGAACAGCCTCCAG-1	5_5	1	5	87	2.0	0.0	0.0	0.4997972587792181	0	0	0	0	0
CATAATGAGCGGGCGA-1	4_0	1	6	46	1.0	0.0	0.3481770213147103	0.4978070471655462	0	0	0	0	0
AGACATAGATCCTTCC-1	4_0	1	7	47	2.0	0.0	0.3461889083281932	0.4956141786974901	0	0	0	0	0
GGTGAAACCGGGAATG-1	4_0	1	6	48	1.0	0.0	0.2898546652204171	0.4978070471655462	0	0	0	0	0
GTAGCGCTGTTGTAGT-1	4_0	1	6	50	2.0	0.0	0.3462101481937844	0.4956376364734073	0	0	0	0	0
GTAGACAACCGATGAA-1	4_0	1	7	55	1.0	0.0	0.1572070460285047	0.4978070471655462	0	0	0	0	0
GTTATCACCTTCTGAA-1	4_0	1	6	58	1.0	0.0	0.1426595248687554	0.4978070471655462	0	0	0	0	0
TGGTATCGGTCTGTAT-1	4_0	1	7	59	1.0	0.0	0.0975050136090909	0.4978070471655462	0	0	0	0	0
GGAATAACCTCAAGAA-1	4_0	1	6	60	1.0	0.0	0.2650990833536502	0.4978070471655462	0	0	0	0	0
ATTATCTCGACAGATC-1	4_0	1	7	61	1.0	0.0	0.1278628245144264	0.4978070471655462	0	0	0	0	0
TGAGATCAAATACTCA-1	1_0	1	7	63	1.0	0.0	0.2189917243904895	0.4947738048721673	0	0	0	0	0
ATAGTCTTTGACGTGC-1	1_0	1	7	67	1.0	0.0	0.116127397403905	0.4947738048721673	0	0	0	0	0
GGGTGGTCCAGCCTGT-1	5_2	1	7	69	1.0	0.0	0.0	0.4998657768292399	0	0	0	0	0
ACACGGCACTATGCAT-1	5_2	1	7	71	4.0	0.0	0.0	0.4994631075104112	0	0	0	0	0
CCCTGGTATGGGCGGC-1	5_2	1	6	72	1.0	0.0	0.0	0.4998657768292399	0	0	0	0	0
GGAGGATTGAAAGGAG-1	5_2	1	7	73	2.0	0.0	0.0	0.4997315536778249	0	0	0	0	0
CCGCTGGTGCCATTCA-1	1_0	1	6	74	1.0	0.0	0.1161347472188202	0.4947917040391964	0	0	0	0	0
ACCCTTTAGTTCTCCA-1	1_0	1	6	80	4.0	0.0	0.2684503581830017	0.4791245016359526	0	0	0	0	0
TATGATAAATCTAACG-1	5_5	1	6	82	1.0	0.0	0.0	0.4998657768292399	0	0	0	0	0
GACTGGGCGCCGCAAC-1	0_1	1	6	94	2.0	0.0	0.0	0.4997315536778249	0	0	0	0	0
TTAAGACGAACGAACC-1	3_0	1	6	96	1.0	0.0	0.0645079425644496	0.4971629941100144	0	0	0	0	0
TGACCAGCTTCAAAGT-1	3_0	1	7	97	1.0	0.0	0.0434762401545309	0.4971629941100144	0	0	0	0	0
TGGGCACAAACAGAAC-1	4_0	1	8	46	1.0	0.0	0.3481770213147103	0.4978070471655462	0	0	0	0	0
CGGCTTTGTATGATAA-1	1_0	1	8	56	1.0	0.0	0.1860835637845926	0.4947738048721673	0	0	0	0	0
TATATTCGCGTCGATA-1	1_0	1	8	62	1.0	0.0	0.1518135332692512	0.4947738048721673	0	0	0	0	0
CCCAACCACACTAACA-1	1_0	1	8	66	1.0	0.0	0.3648712997969494	0.4947738048721673	0	0	0	0	0
CACCGCCGACCAGCGA-1	1_0	1	9	67	1.0	0.0	0.2809298249577625	0.4947738048721673	0	0	0	0	0
TGGTATCGCATCCCAA-1	5_2	1	8	68	1.0	0.0	0.0	0.4998657768292399	0	0	0	0	0
ATTGACGTAACTCGGT-1	5_2	1	8	72	1.0	0.0	0.0	0.4998657768292399	0	0	0	0	0
CATATTATTTGCCCTA-1	1_0	1	9	79	1.0	0.0	0.0789689430742238	0.4947738048721673	0	0	0	0	0
GACTAACACAGCACCT-1	0_1	1	8	90	1.0	0.0	0.0	0.4998657768292399	0	0	0	0	0
GTGGTCAGCGAAGTAT-1	0_1	1	8	92	1.0	0.0	0.0	0.4998657768292399	0	0	0	0	0
TATCACCATGTAAAGT-1	2_0	1	9	95	1.0	0.0	0.0	0.4998657768292399	0	0	0	0	0
CATGAACCGACATTTG-1	4_0	1	11	43	1.0	0.0	0.0975163336691498	0.4978392049616196	0	0	0	0	0
CGTCAGTGCGCACAAG-1	1_0	1	11	49	1.0	0.0	0.1518135332692512	0.4947738048721673	0	0	0	0	0
ATTCTCGTCTCTTTAG-1	1_0	1	11	51	2.0	0.0	0.2466848818991366	0.4895487515689573	0	0	0	0	0
AAAGTCACTGATGTAA-1	1_0	1	10	52	6.0	0.0	0.2314890131368866	0.4687005682214675	0	0	0	0	0
TGTCTACAGTTTCTGT-1	5_10	1	11	53	10.0	0.0	0.0	0.4988906289947749	0	0	0	0	0
TTAACGTCGCAAGACC-1	1_0	1	10	54	1.0	0.0	0.2809298249577625	0.4947738048721673	0	0	0	0	0
CTATGTCTATTGAAAC-1	1_0	1	11	55	2.0	0.0	0.2466981885019908	0.4895666448771648	0	0	0	0	0
GCACAAGTGTCGGAAG-1	1_0	1	10	64	1.0	0.0	0.0789689430742238	0.4947738048721673	0	0	0	0	0
AATTTGGTTCCAAAGA-1	1_0	1	11	67	1.0	0.0	0.116127397403905	0.4947738048721673	0	0	0	0	0
CGAAACATAGATGGCA-1	3_0	1	11	77	2.0	0.0	0.104144727957876	0.4943261708856079	0	0	0	0	0
GATGGTGCCCTAGGCA-1	3_0	1	10	78	2.0	0.0	0.0842028083994636	0.4943261708856079	0	0	0	0	0
GTCCTTCTAGTGGGTT-1	3_0	1	10	82	1.0	0.0	0.0434762401545309	0.4971629941100144	0	0	0	0	0
ACTTACCGGGCGCGCA-1	2_0	1	11	95	1.0	0.0	0.0	0.4998657768292399	0	0	0	0	0
TGTATTTACCTAATGC-1	0_1	1	10	102	1.0	0.0	0.0	0.4998657768292399	0	0	0	0	0
CATACAAAGCCGAACC-1	4_0	1	13	35	1.0	0.0	0.3137813703052795	0.4978070471655462	0	0	0	0	0
AGCGGGAAGGGTCCAT-1	4_0	1	13	37	2.0	0.0	0.3000743148891907	0.4956141786974901	0	0	0	0	0
GCCCACCAAGGCTGTC-1	4_0	1	12	38	1.0	0.0	0.3481770213147103	0.4978070471655462	0	0	0	0	0
GGTTTGAGTGCTGGAA-1	4_0	1	12	42	1.0	0.0	0.0660991769326416	0.4978070471655462	0	0	0	0	0
CGAGCGTTGATCAGCC-1	1_0	1	12	46	1.0	0.0	0.1518261728123052	0.4947983410824481	0	0	0	0	0
AATCCAAGGGCCTGAG-1	1_0	1	13	47	1.0	0.0	0.1518135332692512	0.4947738048721673	0	0	0	0	0
GAAATTCACATCGCTG-1	1_0	1	13	49	1.0	0.0	0.1518135332692512	0.4947738048721673	0	0	0	0	0
AGTAGGTAACATACAT-1	1_0	1	13	51	2.0	0.0	0.2154492729167299	0.4895666448771648	0	0	0	0	0
TGCGGCATAGTTCAAC-1	1_0	1	12	54	2.0	0.0	0.2154371697974556	0.4895487515689573	0	0	0	0	0
CCGCCGGTCAACACAC-1	1_0	1	13	55	2.0	0.0	0.2466848818991366	0.4895487515689573	0	0	0	0	0
TAGTTTATTCTTGCTT-1	1_0	1	13	57	1.0	0.0	0.1518135332692512	0.4947738048721673	0	0	0	0	0
GATATCTCATGCAATA-1	1_0	1	12	58	1.0	0.0	0.2189917243904895	0.4947738048721673	0	0	0	0	0
CATGCTGGCTCCAATT-1	1_0	1	12	60	1.0	0.0	0.1860835637845926	0.4947738048721673	0	0	0	0	0
GAAACAGCCATGCAGT-1	1_0	1	13	61	1.0	0.0	0.2809298249577625	0.4947738048721673	0	0	0	0	0
CTCATGGCTCACAATC-1	1_0	1	13	63	1.0	0.0	0.2505903288757015	0.4947738048721673	0	0	0	0	0
AAATGGCATGTCTTGT-1	1_0	1	13	69	1.0	0.0	0.1518135332692512	0.4947738048721673	0	0	0	0	0
CCTAGTTAGTCGCATG-1	3_0	1	12	72	1.0	0.0	0.0645132058674341	0.4971847970326933	0	0	0	0	0
TTCAAGCCGAGCTGAG-1	3_0	1	13	75	1.0	0.0	0.2343295990635801	0.4971629941100144	0	0	0	0	0
TTAAGCCGACAACTTC-1	3_0	1	13	77	1.0	0.0	0.124896170653458	0.4971629941100144	0	0	0	0	0
CAAACTACGATAGAGA-1	3_0	1	12	84	1.0	0.0	0.1441551182906027	0.4971629941100144	0	0	0	0	0
TTCGTAATCCCAGCGG-1	3_0	1	12	86	1.0	0.0	0.1629942654627064	0.4971629941100144	0	0	0	0	0
CAATCCCTATACCAGC-1	2_0	1	12	88	1.0	0.0	0.0	0.4998657768292399	0	0	0	0	0
AGGGAAACGAGGTACT-1	2_0	1	13	89	1.0	0.0	0.0	0.4998657768292399	0	0	0	0	0
AACTCCTAATCCCATG-1	2_0	1	12	92	1.0	0.0	0.0	0.4998657768292399	0	0	0	0	0
TCTCGAACGAGGTCAC-1	2_0	1	12	94	1.0	0.0	0.0	0.4998657768292399	0	0	0	0	0
AGATACGACTTCATAT-1	4_0	1	15	35	2.0	0.0	0.0967358293225652	0.4956141786974901	0	0	0	0	0
GAAGAACGGTGCAGGT-1	4_0	1	14	40	1.0	0.0	0.066104969812956	0.497830506290384	0	0	0	0	0
CAGCTCGTGCTTGTGT-1	1_0	1	14	42	1.0	0.0	0.116127397403905	0.4947738048721673	0	0	0	0	0
GAGTACGGGTATACAA-1	1_0	1	15	43	2.0	0.0	0.2466848818991366	0.4895487515689573	0	0	0	0	0
CATCGCCCGCGGCCAA-1	1_0	1	14	44	1.0	0.0	0.1518135332692512	0.4947738048721673	0	0	0	0	0
TGGAAGACGAACACCA-1	1_0	1	14	46	2.0	0.0	0.1829487446159749	0.4895666448771648	0	0	0	0	0
CCAAGGAACAGAGAGG-1	1_0	1	14	48	1.0	0.0	0.1518135332692512	0.4947738048721673	0	0	0	0	0
CGCTTTCATACCGGTG-1	1_0	1	14	50	2.0	0.0	0.1829380415309398	0.4895487515689573	0	0	0	0	0
GTTCTTCCCTCGATGT-1	1_0	1	15	51	3.0	0.0	0.1798339424589558	0.4843259809173423	0	0	0	0	0
ATTTAACTCGTATTAC-1	5_10	1	14	52	2.0	0.0	0.0	0.4997972587792181	0	0	0	0	0
AACGATAGAAGGGCCG-1	1_0	1	15	53	1.0	0.0	0.2189917243904895	0.4947738048721673	0	0	0	0	0
TATCCTGCATGGGAAT-1	5_10	1	14	54	2.0	0.0	0.0	0.4997972587792181	0	0	0	0	0
CCGGCGCATATTGGAT-1	1_0	1	14	56	1.0	0.0	0.1518135332692512	0.4947738048721673	0	0	0	0	0
GAAGTGCTGGATAGCT-1	1_0	1	15	61	1.0	0.0	0.3100588493098305	0.4947738048721673	0	0	0	0	0
CATGCGTTAGACAGAA-1	1_0	1	15	63	1.0	0.0	0.1518135332692512	0.4947738048721673	0	0	0	0	0
CTCTGTTTGAGGATTC-1	3_0	1	14	72	1.0	0.0	0.124896170653458	0.4971629941100144	0	0	0	0	0
TGGGCACGTTCTATGG-1	3_0	1	15	73	1.0	0.0	0.0434762401545309	0.4971629941100144	0	0	0	0	0
ATTTCATTATTTCGCG-1	3_0	1	14	78	1.0	0.0	0.1994488725765823	0.4971629941100144	0	0	0	0	0
AAATAACCATACGGGA-1	2_0	1	14	88	1.0	0.0	0.0	0.4998657768292399	0	0	0	0	0
TCACTCGTGCAACGGC-1	2_0	1	15	93	1.0	0.0	0.0	0.4998657768292399	0	0	0	0	0
CCGAAAGTGGTGAGCA-1	4_0	1	17	27	1.0	0.0	0.3481770213147103	0.4978070471655462	0	0	0	0	0
AGTCAGCCACCGCCTG-1	4_0	1	16	28	1.0	0.0	0.3481983181965837	0.497830506290384	0	0	0	0	0
CTCAGGACTCACCTGT-1	4_0	1	16	30	1.0	0.0	0.3137813703052795	0.4978070471655462	0	0	0	0	0
CCTACGGCTCAGTCGA-1	4_0	1	16	32	2.0	0.0	0.3461889083281932	0.4956141786974901	0	0	0	0	0
GTACTTGGGCACTTCT-1	4_0	1	17	33	1.0	0.0	0.2898546652204171	0.4978070471655462	0	0	0	0	0
GCTAGTTTCATTGAGG-1	1_0	1	17	37	2.0	0.0	0.1139987742976663	0.4895487515689573	0	0	0	0	0
AGGACATCGCACGTCG-1	1_0	1	16	38	2.0	0.0	0.1140060067671232	0.4895666448771648	0	0	0	0	0
GTGGACGTGCTGAGAC-1	5_10	1	17	39	1.0	0.0	0.0	0.4998657768292399	0	0	0	0	0
TCGCTGTGCGTAAATC-1	5_10	1	17	41	7.0	0.0	0.0	0.499060438888007	0	0	0	0	0
GCATCCCTAACTTTGA-1	5_10	1	16	42	5.0	0.0	0.0	0.499427520120458	0	0	0	0	0
CACCCACACGTCACCC-1	5_10	1	17	43	4.0	0.0	0.0	0.4994631075104112	0	0	0	0	0
CCCTCATTCTGGAATT-1	1_0	1	16	44	1.0	0.0	0.1860835637845926	0.4947738048721673	0	0	0	0	0
CTTACACTGGGAAATA-1	1_0	1	16	48	2.0	0.0	0.1491502427410095	0.4895666448771648	0	0	0	0	0
ACCAAGAACGCGTGTC-1	1_0	1	17	49	1.0	0.0	0.1518135332692512	0.4947738048721673	0	0	0	0	0
TACCTCACGCTTGTAC-1	4_3	1	16	56	1.0	0.0	0.0	0.4998657768292399	0	0	0	0	0
AGAGCGGGCTAATCAT-1	1_0	1	16	64	1.0	0.0	0.0789741512279339	0.4947917040391964	0	0	0	0	0
GCGTCGAAATGTCGGT-1	4_3	1	17	65	1.0	0.0	0.0	0.4998657768292399	0	0	0	0	0
ACTGCCGTCGTAACTC-1	2_1	1	16	70	1.0	0.0	0.0	0.4998657768292399	0	0	0	0	0
ATCTCCCTGCAATCTA-1	3_0	1	16	72	1.0	0.0	0.0645079425644496	0.4971629941100144	0	0	0	0	0
GATTCCGCGTTTCCGT-1	2_1	1	16	76	1.0	0.0	0.0	0.4998657768292399	0	0	0	0	0
GTCGGATGTAGCGCGC-1	2_1	1	17	77	1.0	0.0	0.0	0.4998657768292399	0	0	0	0	0
TATTTATACCGAGTAG-1	3_0	1	16	78	1.0	0.0	0.1052082602828708	0.4971629941100144	0	0	0	0	0
CTGGCGACATAAGTCC-1	3_0	1	17	81	1.0	0.0	0.0434762401545309	0.4971629941100144	0	0	0	0	0
TAATAAACAAGGAGAT-1	2_0	1	17	91	1.0	0.0	0.0	0.4998657768292399	0	0	0	0	0
TGAGATTAGGCCCTAA-1	2_0	1	16	94	1.0	0.0	0.0	0.4998657768292399	0	0	0	0	0
AGTGTATTGCGCATTG-1	1_0	1	17	95	1.0	0.0	0.116127397403905	0.4947738048721673	0	0	0	0	0
CGCGAGAGGGACTTGT-1	2_0	1	16	108	1.0	0.0	0.0	0.4998657768292399	0	0	0	0	0
CCCGCGCAATGCACCC-1	4_0	1	19	23	3.0	0.0	0.344206152844872	0.4934214789492472	0	0	0	0	0
GAGGTCCCAAAGATCT-1	4_0	1	18	26	1.0	0.0	0.3481770213147103	0.4978070471655462	0	0	0	0	0
CTTGTTTATGTAGCCA-1	4_0	1	18	28	1.0	0.0	0.2263493332152107	0.4978070471655462	0	0	0	0	0
GATGGCGCACACATTA-1	4_0	1	19	29	1.0	0.0	0.0819352944838825	0.4978070471655462	0	0	0	0	0
ATAATAGTGTAGGGAC-1	4_0	1	18	30	1.0	0.0	0.0975050136090909	0.4978070471655462	0	0	0	0	0
CGCTATTCAATGTATG-1	1_0	1	19	31	1.0	0.0	0.1518227537327844	0.4947917040391964	0	0	0	0	0
ATATTGCTGTCAAAGT-1	4_0	1	18	32	1.0	0.0	0.0975132714823131	0.497830506290384	0	0	0	0	0
GGATTCAGTACGGTGG-1	4_0	1	19	33	2.0	0.0	0.0655654944063184	0.4956376364734073	0	0	0	0	0
TTCTTAGTGAACGGTG-1	4_0	1	18	34	1.0	0.0	0.0660991769326416	0.4978070471655462	0	0	0	0	0
CTTCATAGCTCAAGAA-1	5_10	1	19	37	1.0	0.0	0.0	0.4999644125662942	0	0	0	0	0
CAACGGTTCTTGATAC-1	5_10	1	18	38	3.0	0.0	0.0	0.4995973305651003	0	0	0	0	0
ACACCCGAGAAATCCG-1	1_0	1	19	39	3.0	0.0	0.146507695163405	0.4843259809173423	0	0	0	0	0
TCTATCATGCAGTTAC-1	5_10	1	18	40	6.0	0.0	0.0	0.4991946616525194	0	0	0	0	0
CCCGCCATGCTCCCGT-1	1_0	1	19	41	2.0	0.0	0.2154613765292188	0.4895845382121077	0	0	0	0	0
CGCTTCCACTGAAATC-1	5_10	1	18	42	5.0	0.0	0.0	0.4994189529641394	0	0	0	0	0
CACTGTCCAAGTGAGA-1	5_10	1	19	43	7.0	0.0	0.0	0.4992162121126852	0	0	0	0	0
ATTACTAGCCTCTTGC-1	1_0	1	18	44	1.0	0.0	0.1518135332692512	0.4947738048721673	0	0	0	0	0
CATAGTAGCATAGTAG-1	1_0	1	19	45	11.0	0.0909090909090909	0.994269453945809	0.9970037798817596	1	1	1	1	1
CAACTCCTTGATCCCG-1	1_0	1	18	46	1.0	0.0	0.1518261728123052	0.4947983410824481	0	0	0	0	0
CTCGGTCCGTAGCCTG-1	1_0	1	18	50	1.0	0.0	0.1518135332692512	0.4947738048721673	0	0	0	0	0
GGAGTGCCGCCCTGGA-1	1_0	1	19	53	1.0	0.0	0.1518135332692512	0.4947738048721673	0	0	0	0	0
TGAGAATGCTTTACCG-1	1_0	1	18	54	1.0	0.0	0.0789741512279339	0.4947917040391964	0	0	0	0	0
TTAACCAACCCTCCCT-1	1_0	1	19	55	1.0	0.0	0.1860835637845926	0.4947738048721673	0	0	0	0	0
TTGCTGAAGGAACCAC-1	1_0	1	19	57	1.0	0.0	0.116127397403905	0.4947738048721673	0	0	0	0	0
TCCGATAATTGCCATA-1	1_0	1	18	64	2.0	0.0	0.2154492729167299	0.4895666448771648	0	0	0	0	0
CAAGCACCAAATGCCT-1	1_0	1	18	66	2.0	0.0	0.2154492729167299	0.4895666448771648	0	0	0	0	0
CCTTCTTGATCCAGTG-1	1_0	1	19	73	1.0	0.0	0.0789689430742238	0.4947738048721673	0	0	0	0	0
ATGGATCCGGCGTCCG-1	3_0	1	19	79	1.0	0.0	0.0434762401545309	0.4971629941100144	0	0	0	0	0
GAAATTAGCACGGATA-1	1_0	1	18	96	1.0	0.0	0.116127397403905	0.4947738048721673	0	0	0	0	0
ACGGAGCGCAAATTAC-1	2_0	1	18	108	1.0	0.0	0.0	0.4998657768292399	0	0	0	0	0
AATAGCTACCGCGTGC-1	2_0	1	19	111	1.0	0.0	0.0	0.4998657768292399	0	0	0	0	0
GAATGCCGAAATGACC-1	4_0	1	21	17	1.0	0.0	0.3481770213147103	0.4978070471655462	0	0	0	0	0
TAGTGTCAGAAACGGC-1	4_0	1	21	19	1.0	0.0	0.3481770213147103	0.4978070471655462	0	0	0	0	0
CGTCATACCATATCCA-1	4_0	1	20	20	2.0	0.0	0.3461889083281932	0.4956141786974901	0	0	0	0	0
TAGTACCTTAGTGGTC-1	4_0	1	21	21	1.0	0.0	0.3481770213147103	0.4978070471655462	0	0	0	0	0
CTGGCGGGAATAAGTA-1	4_0	1	20	22	2.0	0.0	0.3461889083281932	0.4956141786974901	0	0	0	0	0
CAGTAATCCCTCCCAG-1	1_0	1	21	25	1.0	0.0	0.116127397403905	0.4947738048721673	0	0	0	0	0
TACGTGCACTATGCTG-1	1_0	1	21	33	2.0	0.0	0.1491593298943033	0.4895845382121077	0	0	0	0	0
GTATCAGCTTGGGTTC-1	1_0	1	20	34	3.0	0.0	0.2119366143389084	0.4843438644620678	0	0	0	0	0
TAACAAAGGGAGAAGC-1	1_0	1	21	35	2.0	0.0	0.2154492729167299	0.4895666448771648	0	0	0	0	0
TTACATCGTGGCCTGG-1	1_0	1	20	36	6.0	0.0	0.2603329913017941	0.4687183992298713	0	0	0	0	0
TCTGAACCGGTCGGCT-1	1_0	1	21	37	1.0	0.0	0.1518135332692512	0.4947738048721673	0	0	0	0	0
TATAAGTGAGGATAGC-1	1_0	1	21	39	1.0	0.0	0.1518135332692512	0.4947738048721673	0	0	0	0	0
TGCTGGTTGGACAATT-1	1_0	1	21	41	3.0	0.0	0.2119366143389084	0.4843438644620678	0	0	0	0	0
GCCTAGCGATCTGACC-1	1_0	1	20	42	2.0	0.0	0.2154371697974556	0.4895487515689573	0	0	0	0	0
CAACGACCCGTTTACA-1	5_10	1	20	50	1.0	0.0	0.0	0.4998657768292399	0	0	0	0	0
CTTGTACTTGTTGACT-1	1_0	1	21	51	1.0	0.0	0.1518227537327844	0.4947917040391964	0	0	0	0	0
TCTCTAATAGCTGGTA-1	1_0	1	20	52	1.0	0.0	0.116127397403905	0.4947738048721673	0	0	0	0	0
GTACGAGATTGCGACA-1	1_0	1	21	57	1.0	0.0	0.116127397403905	0.4947738048721673	0	0	0	0	0
GTATAGGACTCAGTAG-1	1_0	1	20	58	1.0	0.0	0.116127397403905	0.4947738048721673	0	0	0	0	0
TTGCACGGAGCAGCAC-1	1_0	1	21	59	2.0	0.0	0.0774617445289335	0.4895487515689573	0	0	0	0	0
ACATAATAAGGCGGTG-1	1_0	1	21	63	1.0	0.0	0.0789689430742238	0.4947738048721673	0	0	0	0	0
ATCACTTCATCCTCGC-1	2_1	1	21	67	1.0	0.0	0.0	0.4998657768292399	0	0	0	0	0
CATGGGTCGGGTGTGG-1	3_0	1	21	85	1.0	0.0	0.124896170653458	0.4971629941100144	0	0	0	0	0
GGAAAGTGCCCATGCC-1	3_0	1	20	90	1.0	0.0	0.0434762401545309	0.4971629941100144	0	0	0	0	0
TCTTACCGGAACTCGT-1	0_19	1	21	91	2.0	0.0	0.0	0.4997315536778249	0	0	0	0	0
CCTCGCGCGATATAGG-1	3_0	1	21	95	1.0	0.0	0.0645151576081493	0.4971928815854768	0	0	0	0	0
ATTCAGGACCTATTTC-1	2_0	1	20	98	2.0	0.0	0.0	0.4997315536778249	0	0	0	0	0
TTCGCTATCTGACGTG-1	2_0	1	20	100	1.0	0.0	0.0	0.4998657768292399	0	0	0	0	0
AACGCATGATCTGGGT-1	2_0	1	20	104	2.0	0.0	0.0	0.4997315536778249	0	0	0	0	0
GTGAAGCCGTATAGTC-1	2_0	1	21	107	1.0	0.0	0.0	0.4998657768292399	0	0	0	0	0
TCAGGGCGCAAACTCG-1	4_0	1	22	16	1.0	0.0	0.3481770213147103	0.4978070471655462	0	0	0	0	0
GATGCCAGCAGAAGGC-1	4_0	1	23	17	2.0	0.0	0.3461889083281932	0.4956141786974901	0	0	0	0	0
AATACAATGTTTCAGG-1	1_0	1	23	19	2.0	0.0	0.4995868050992752	0.4895666448771648	0	0	0	0	0
CCGAAGTATATTGTTC-1	1_0	1	22	22	1.0	0.0	0.338040304612099	0.4947917040391964	0	0	0	0	0
GCTAAACCTGAGGTGA-1	1_0	1	23	23	1.0	0.0	0.1518261728123052	0.4947983410824481	0	0	0	0	0
CGAGCACTTCAAGTTT-1	4_0	1	23	25	1.0	0.0	0.066104969812956	0.497830506290384	0	0	0	0	0
AGACCATGGGATACAA-1	1_0	1	22	28	2.0	0.0	0.1829487446159749	0.4895666448771648	0	0	0	0	0
TAAATGAATCCGTTTC-1	1_0	1	23	29	2.0	0.0	0.1829380415309398	0.4895487515689573	0	0	0	0	0
ACAACGGTCCCTGCGA-1	1_0	1	22	30	1.0	0.0	0.1518135332692512	0.4947738048721673	0	0	0	0	0
GTCACTCTCCAAATCT-1	1_0	1	23	31	1.0	0.0	0.1518135332692512	0.4947738048721673	0	0	0	0	0
TTCTACTTGCGAGGGC-1	1_0	1	22	32	1.0	0.0	0.1518135332692512	0.4947738048721673	0	0	0	0	0
TTCTTGTAACCTAATG-1	1_0	1	23	35	1.0	0.0	0.1518227537327844	0.4947917040391964	0	0	0	0	0
TTGGCTCGCATGAGAC-1	1_0	1	23	37	1.0	0.0	0.116127397403905	0.4947738048721673	0	0	0	0	0
GCCCAGTTGGTATGCC-1	4_0	1	22	38	1.0	0.0	0.0975050136090909	0.4978070471655462	0	0	0	0	0
GGAGAAGTCATTGGCA-1	1_0	1	23	41	1.0	0.0	0.1860835637845926	0.4947738048721673	0	0	0	0	0
TTGTTAGCAAATTCGA-1	1_0	1	22	42	1.0	0.0	0.116127397403905	0.4947738048721673	0	0	0	0	0
AATGACTGTCAGCCGG-1	4_3	1	23	47	1.0	0.0	0.0	0.4999314819425199	0	0	0	0	0
CCAAACAGAACCCTCG-1	1_0	1	22	48	1.0	0.0	0.2189917243904895	0.4947738048721673	0	0	0	0	0
GAACACACATCAACCA-1	5_10	1	22	50	3.0	0.0	0.0	0.4997287407368107	0	0	0	0	0
TAGGGTGTTTCAAGAG-1	1_0	1	22	54	1.0	0.0	0.1161374726446727	0.4947983410824481	0	0	0	0	0
TGGTTCGTAGCAAAGG-1	1_0	1	23	55	1.0	0.0	0.0789689430742238	0.4947738048721673	0	0	0	0	0
CTGTTCACTGCCTGTG-1	1_0	1	22	56	1.0	0.0	0.116127397403905	0.4947738048721673	0	0	0	0	0
TTGTCGTTCAGTTACC-1	1_0	1	22	58	1.0	0.0	0.1860835637845926	0.4947738048721673	0	0	0	0	0
ATCGACTCTTTCCGTT-1	3_0	1	23	61	1.0	0.0	0.0645079425644496	0.4971629941100144	0	0	0	0	0
AACGCGGTCTCCAGCC-1	3_0	1	23	65	1.0	0.0	0.0434762401545309	0.4971629941100144	0	0	0	0	0
ATCAGTAGGCAGGGAT-1	3_0	1	23	87	1.0	0.0	0.1052082602828708	0.4971629941100144	0	0	0	0	0
AATTCATAAGGGATCT-1	0_19	1	23	91	2.0	0.0	0.0	0.4997315536778249	0	0	0	0	0
CTTGTGCTCACCGATT-1	3_0	1	22	94	1.0	0.0	0.0645079425644496	0.4971629941100144	0	0	0	0	0
TTCCAATCAGAGCTAG-1	5_1	1	23	95	1.0	0.0	0.0	0.4998657768292399	0	0	0	0	0
ATTACTTACTGGGCAT-1	2_0	1	22	100	1.0	0.0	0.0	0.4998657768292399	0	0	0	0	0
CTCGTTTCTAATGTTT-1	2_0	1	22	104	1.0	0.0	0.0	0.4998657768292399	0	0	0	0	0
CTGAATTTATTGCCAG-1	2_0	1	22	106	1.0	0.0	0.0	0.4998657768292399	0	0	0	0	0
CGCGACACTGCGCAGC-1	4_0	1	24	12	3.0	0.0	0.344206152844872	0.4934214789492472	0	0	0	0	0
TTACCCTAACAGTCCT-1	1_0	1	24	24	2.0	0.0	0.1491502427410095	0.4895666448771648	0	0	0	0	0
ACCCACCTACATGCTC-1	1_0	1	25	25	3.0	0.3333333333333333	0.9930748142589124	0.998727099071808	1	1	1	1	1
AAAGGGCAGCTTGAAT-1	1_0	1	24	26	1.0	0.0	0.1518135332692512	0.4947738048721673	0	0	0	0	0
CACACAGGGATAGATT-1	1_0	1	25	27	7.0	0.0	0.2016509122525789	0.4687005682214675	0	0	0	0	0
AGAGCGTACAAGCTCG-1	1_0	1	24	28	1.0	0.0	0.1161347472188202	0.4947917040391964	0	0	0	0	0
TCTTACGGCATCCGAC-1	5_0	1	25	29	9.0	0.1111111111111111	0.9820068688662188	0.9962845946672568	1	1	1	1	1
GAAAGTGACTAACTGC-1	1_0	1	25	31	1.0	0.0	0.1860944089878433	0.4947917040391964	0	0	0	0	0
CCGGAATGGTTTCAGT-1	1_0	1	24	32	2.0	0.0	0.1139987742976663	0.4895487515689573	0	0	0	0	0
ATGAGGAGTGTTAATC-1	1_0	1	25	35	1.0	0.0	0.1518135332692512	0.4947738048721673	0	0	0	0	0
TGTGTCGCGAGTTGCA-1	1_0	1	24	36	3.0	0.0	0.146507695163405	0.4843259809173423	0	0	0	0	0
ATCCAACGCAGTCATA-1	1_0	1	25	37	1.0	0.0	0.1518135332692512	0.4947738048721673	0	0	0	0	0
AGTCGGCCCAAACGAC-1	1_0	1	25	39	1.0	0.0	0.116127397403905	0.4947738048721673	0	0	0	0	0
AACGTCAGACTAGTGG-1	1_0	1	24	40	1.0	0.0	0.1860944089878433	0.4947917040391964	0	0	0	0	0
ACACCTTAAGTAGGGC-1	1_0	1	25	43	1.0	0.0	0.2190085128180851	0.4947983410824481	0	0	0	0	0
ACGATCATACATAGAG-1	3_0	1	25	63	1.0	0.0	0.0645079425644496	0.4971629941100144	0	0	0	0	0
CTCGCACCTATATAGT-1	3_0	1	24	68	1.0	0.0	0.0434812121932736	0.4971928815854768	0	0	0	0	0
TAAGGCAACATAAGAT-1	3_0	1	25	71	1.0	0.0	0.085082033687991	0.4971629941100144	0	0	0	0	0
CACCTTGCGAAACTCG-1	3_0	1	24	84	1.0	0.0	0.085082033687991	0.4971629941100144	0	0	0	0	0
TCGCTTTAAACGTTTG-1	3_0	1	25	87	1.0	0.0	0.0434798672051271	0.4971847970326933	0	0	0	0	0
AGCGCGGGTGCCAATG-1	0_19	1	24	92	1.0	0.0	0.0	0.4998657768292399	0	0	0	0	0
TAATCGATCCGTACGT-1	3_0	1	25	93	1.0	0.0	0.0645079425644496	0.4971629941100144	0	0	0	0	0
CTCAGTCACGACAAAT-1	5_1	1	24	96	3.0	0.0	0.0	0.4996873990912766	0	0	0	0	0
GGGTCGTGGCAAGTGT-1	6_1	1	25	107	2.0	0.0	0.0	0.4997972587792181	0	0	0	0	0
CTCTAATGCATTGATC-1	6_1	1	24	110	1.0	0.0	0.0	0.4998657768292399	0	0	0	0	0
TTCAGTTTGTGGCAGC-1	4_0	1	27	7	2.0	0.0	0.3461889083281932	0.4956141786974901	0	0	0	0	0
GCTAAGTAAAGGCGAT-1	1_0	1	27	13	1.0	0.0	0.116127397403905	0.4947738048721673	0	0	0	0	0
GACTGCGGCACGTGTA-1	1_0	1	27	15	1.0	0.0	0.116127397403905	0.4947738048721673	0	0	0	0	0
TCGTCACACTGTTAGC-1	1_0	1	27	19	2.0	0.0	0.1139987742976663	0.4895487515689573	0	0	0	0	0
TTATGTTTGCGATAGA-1	4_0	1	26	20	2.0	0.0	0.0655597454823395	0.4956141786974901	0	0	0	0	0
GGTGCTGATCACAAAG-1	4_0	1	27	21	2.0	0.0	0.0495772184031737	0.4956141786974901	0	0	0	0	0
CATAGCCGCCCGGGAT-1	4_0	1	26	22	2.0	0.0	0.0655654944063184	0.4956376364734073	0	0	0	0	0
GGTTAGTTACGGCGCC-1	1_0	1	27	23	4.0	0.0	0.1439128696409994	0.4791066317508463	0	0	0	0	0
ATTCCCACATAAACAA-1	1_0	1	26	24	7.0	0.0	0.1363657038191829	0.46349825646737	0	0	0	0	0
ATTCAGTAGCAGGGTC-1	1_0	1	27	25	17.0	0.0	0.1135860665822403	0.4121507776850115	0	0	0	0	0
CAGTTCCGCGGGTCGA-1	5_0	1	26	26	90.0	0.0	0.1185821803046232	0.19922629767673	0	0	0	0	0
AAGAGATGAATCGGTA-1	5_0	1	27	27	31.0	0.032258064516129	0.9839059772132198	0.9947874162230812	1	1	1	1	1
CGCAATTCTACAATAA-1	5_0	1	26	28	75.0	0.0933333333333333	1.0	1.0	7	1	1	1	1
TAACGCTTTGAGAGCG-1	5_0	1	27	29	4.0	0.0	0.1356456102737921	0.4845540135369685	0	0	0	0	0
AGGCTATGGTTAGCTT-1	5_0	1	26	30	8.0	0.125	0.9850037437204798	0.9963401872121836	1	1	1	1	1
TCCTCTACGAGATGGC-1	1_0	1	26	32	3.0	0.0	0.3287327515012651	0.4843259809173423	0	0	0	0	0
TTGATTATGCAGATGA-1	1_0	1	27	33	2.0	0.0	0.1139987742976663	0.4895487515689573	0	0	0	0	0
TGGCCGTATATTGACC-1	1_0	1	26	38	1.0	0.0	0.1161374726446727	0.4947983410824481	0	0	0	0	0
ACTGTAGCACTTTGGA-1	1_0	1	27	39	4.0	0.0	0.2084660082952343	0.4791245016359526	0	0	0	0	0
GCTCTATGTTACGTGC-1	1_0	1	26	40	1.0	0.0	0.1518135332692512	0.4947738048721673	0	0	0	0	0
GAATCGACATGGTCAC-1	1_0	1	26	42	1.0	0.0	0.116127397403905	0.4947738048721673	0	0	0	0	0
GACTAAGTAGGCTCAC-1	1_0	1	27	43	1.0	0.0	0.116127397403905	0.4947738048721673	0	0	0	0	0
ATCTTGACCTGCAACG-1	1_0	1	26	44	1.0	1.0	0.9821474603243984	0.9975672936265406	1	1	1	1	1
ATAGAGTACTGGGACA-1	4_3	1	26	48	2.0	0.0	0.0	0.4997315536778249	0	0	0	0	0
CCTGCTATTTGAGAAG-1	1_0	1	26	50	1.0	0.0	0.5	0.4947738048721673	0	0	0	0	0
CCAGGGACGTGGCCTC-1	1_0	1	27	53	1.0	0.0	0.1518135332692512	0.4947738048721673	0	0	0	0	0
GTACTAAGATTTGGAG-1	3_0	1	27	55	1.0	0.0	0.085082033687991	0.4971629941100144	0	0	0	0	0
CGCATTAGCTAATAGG-1	3_0	1	27	57	1.0	0.0	0.1052082602828708	0.4971629941100144	0	0	0	0	0
GCTCTCGGGTACCGAA-1	3_0	1	26	58	1.0	0.0	0.0434762401545309	0.4971629941100144	0	0	0	0	0
CATGGTCTAGATACCG-1	2_1	1	26	66	1.0	0.0	0.0	0.4998657768292399	0	0	0	0	0
TCTACCGTCCACAAGC-1	2_1	1	27	67	1.0	0.0	0.0	0.4998657768292399	0	0	0	0	0
CTAGTTGGGCCCGGTA-1	2_1	1	26	68	1.0	0.0	0.0	0.4999644125662942	0	0	0	0	0
CGGTCAAGTGGGAACC-1	3_0	1	26	80	1.0	0.0	0.0850888229772882	0.4971847970326933	0	0	0	0	0
CTAAATCCTATTCCGG-1	3_0	1	26	84	1.0	0.0	0.0645079425644496	0.4971629941100144	0	0	0	0	0
CGAGTTCTGTCCCACC-1	5_1	1	27	85	2.0	0.0	0.0	0.4997315536778249	0	0	0	0	0
AAATTACCTATCGATG-1	5_1	1	26	94	1.0	0.0	0.0	0.4998657768292399	0	0	0	0	0
TTACAGACCTAAATGA-1	5_1	1	26	96	3.0	0.0	0.0	0.4998188092906291	0	0	0	0	0
CCTCACCTTAGCATCG-1	5_1	1	27	97	1.0	0.0	0.0	0.4998657768292399	0	0	0	0	0
CATGCGACCAGTTTAA-1	5_1	1	26	98	1.0	0.0	0.0	0.4998657768292399	0	0	0	0	0
CTATAAGAGCCAATCG-1	0_19	1	26	100	1.0	0.0	0.0	0.4998657768292399	0	0	0	0	0
AATATCGAGGGTTCTC-1	2_0	1	27	101	2.0	0.0	0.0	0.4997315536778249	0	0	0	0	0
AGGTCGCGGAGTTACT-1	6_1	1	26	104	2.0	0.0	0.0	0.4997315536778249	0	0	0	0	0
GCCAACCATTTCCGGA-1	6_1	1	26	106	2.0	0.0	0.0	0.4997315536778249	0	0	0	0	0
TGATCCCAGCATTAGT-1	6_1	1	27	107	2.0	0.0	0.0	0.4997315536778249	0	0	0	0	0
GAAACCATGGTGCGCT-1	6_1	1	27	109	1.0	0.0	0.0	0.4998657768292399	0	0	0	0	0
ACGCGTTTCTTAAGAG-1	4_0	1	29	5	1.0	0.0	0.3481770213147103	0.4978070471655462	0	0	0	0	0
GAGAGCGCAGTCCCTG-1	4_0	1	28	6	2.0	0.0	0.3461889083281932	0.4956141786974901	0	0	0	0	0
GTCCTATTGTTGTGGT-1	4_0	1	29	7	1.0	0.0	0.3481770213147103	0.4978070471655462	0	0	0	0	0
AAGTGCAAAGGTAGAC-1	4_0	1	28	10	2.0	0.0	0.1560483266811612	0.4956141786974901	0	0	0	0	0
TGATAGCGGGATTCTA-1	4_0	1	28	12	2.0	0.0	0.0655597454823395	0.4956141786974901	0	0	0	0	0
GCATTCGAAATGAACA-1	4_0	1	28	14	2.0	0.0	0.0655597454823395	0.4956141786974901	0	0	0	0	0
AAAGACTGGGCGCTTT-1	4_0	1	29	15	1.0	0.0	0.0660991769326416	0.4978070471655462	0	0	0	0	0
TAACAATATTTGTTGC-1	4_0	1	28	16	2.0	0.0	0.0655597454823395	0.4956141786974901	0	0	0	0	0
CCAGCTTCCGCCCGCA-1	1_0	1	29	17	1.0	0.0	0.1518261728123052	0.4947983410824481	0	0	0	0	0
GATATGGATTACGCGG-1	1_0	1	28	18	1.0	0.0	0.116127397403905	0.4947738048721673	0	0	0	0	0
AGAGCAGTTATGAGAC-1	1_0	1	29	19	1.0	0.0	0.116127397403905	0.4947738048721673	0	0	0	0	0
TCACATCTTATCTGAT-1	1_0	1	28	20	3.0	0.0	0.146507695163405	0.4843259809173423	0	0	0	0	0
TATGAAGACAGGTGCG-1	1_0	1	29	21	1.0	0.0	0.116127397403905	0.4947738048721673	0	0	0	0	0
TACCTGCTGCACTGTG-1	1_0	1	28	22	5.0	0.0	0.1413563900388517	0.4738918399174432	0	0	0	0	0
GAAACTCGTGCGATGC-1	1_0	1	28	24	3.0	0.0	0.1798484202335135	0.4843504957193416	0	0	0	0	0
AACAATTACTCTACGC-1	1_0	1	29	25	4.0	0.0	0.2389976062542292	0.4791066317508463	0	0	0	0	0
CCGCACGTGACCTCGG-1	1_0	1	28	26	9.0	0.0	0.1315272604162197	0.4531428702887924	0	0	0	0	0
GGGTATGTATGCACTT-1	1_0	1	28	28	2.0	0.0	0.1491502427410095	0.4895666448771648	0	0	0	0	0
GAATTTCTCGCTGCAG-1	1_0	1	28	30	1.0	1.0	0.9896622237843412	0.9975672936265406	1	1	1	1	1
ACAAGGACAAGAGGTT-1	1_0	1	29	37	1.0	0.0	0.116127397403905	0.4947738048721673	0	0	0	0	0
AGGCCACCCGTTATGA-1	1_0	1	28	38	4.0	0.0	0.1098609095596163	0.4791513278383016	0	0	0	0	0
CGTGTCCCATTCGCGA-1	1_0	1	28	40	1.0	0.0	0.0789689430742238	0.4947738048721673	0	0	0	0	0
GTCCGGCTGAATTGCG-1	1_0	1	28	52	1.0	0.0	0.116127397403905	0.4947738048721673	0	0	0	0	0
GAGACTGATGGGTAGA-1	3_0	1	28	56	1.0	0.0	0.085082033687991	0.4971629941100144	0	0	0	0	0
GGGCGATATGTGTGAA-1	3_0	1	28	58	2.0	0.0	0.1427606933416459	0.4943261708856079	0	0	0	0	0
ACCGACTGAGTCCCAC-1	2_1	1	28	66	1.0	0.0	0.0	0.4998657768292399	0	0	0	0	0
GATCGGTGGCCATAAC-1	2_1	1	28	68	1.0	0.0	0.0	0.4998657768292399	0	0	0	0	0
CCTATGGGTTACCGTC-1	3_0	1	29	69	1.0	0.0	0.0645079425644496	0.4971629941100144	0	0	0	0	0
TTGGGACACTGCCCGC-1	3_0	1	28	70	2.0	0.0	0.0430067528492052	0.4943261708856079	0	0	0	0	0
CGAGAGATGTGAACCT-1	5_1	1	29	73	1.0	0.0	0.0	0.4998657768292399	0	0	0	0	0
TCGCTGGGCGGATTGT-1	0_19	1	28	74	1.0	0.0	0.0	0.4998657768292399	0	0	0	0	0
TGGCCAAACTGAAGTA-1	5_1	1	28	76	2.0	0.0	0.0	0.4997315536778249	0	0	0	0	0
GCTTCCGTCCCTAGAC-1	5_1	1	29	77	2.0	0.0	0.0	0.4998629638876133	0	0	0	0	0
TGTATAACAGATCCTG-1	5_1	1	29	79	1.0	0.0	0.0	0.4999314819425199	0	0	0	0	0
CGCGGGAATTAGGCAG-1	5_1	1	28	80	1.0	0.0	0.0	0.4999314819425199	0	0	0	0	0
TGCATGTGGTAATCTA-1	5_1	1	29	81	1.0	0.0	0.0	0.4999314819425199	0	0	0	0	0
GAGCTAAGGGCATATC-1	5_1	1	29	83	1.0	0.0	0.0	0.4998657768292399	0	0	0	0	0
CCACAATGTACGTCTT-1	5_1	1	29	85	1.0	0.0	0.0	0.4998657768292399	0	0	0	0	0
TAAAGCGTTAGGAGAA-1	5_1	1	28	88	1.0	0.0	0.0	0.4998657768292399	0	0	0	0	0
TCCGTTTAGCCTTGAA-1	5_1	1	29	89	1.0	0.0	0.0	0.4999314819425199	0	0	0	0	0
GCGCTGCTTTGCATTT-1	5_1	1	28	94	1.0	0.0	0.0	0.4998657768292399	0	0	0	0	0
GCGCATCCAGTCAGCA-1	5_1	1	29	95	2.0	0.0	0.0	0.4997972587792181	0	0	0	0	0
CTGGTAACGAGCTCTT-1	5_1	1	29	97	2.0	0.0	0.0	0.4997315536778249	0	0	0	0	0
TCCGGCCTAGCGTACA-1	5_1	1	28	98	1.0	0.0	0.0	0.4999314819425199	0	0	0	0	0
TCTAGGTGGCGACGCT-1	0_19	1	29	99	1.0	0.0	0.0	0.4998657768292399	0	0	0	0	0
ACGAGTACGGATGCCC-1	6_1	1	28	104	2.0	0.0	0.0	0.4997315536778249	0	0	0	0	0
CGGCCCAACCTGTAGT-1	6_1	1	28	112	3.0	0.0	0.0	0.4995973305651003	0	0	0	0	0
GGTGATGAAGGAAGTG-1	4_0	1	31	1	1.0	0.0	0.3481770213147103	0.4978070471655462	0	0	0	0	0
TCAATACAATTGCTGC-1	4_0	1	30	2	2.0	0.0	0.3462101481937844	0.4956376364734073	0	0	0	0	0
ATGAAGTGGACCCAGC-1	4_0	1	30	4	1.0	0.0	0.3481770213147103	0.4978070471655462	0	0	0	0	0
TATATCATTGATCAGT-1	4_0	1	30	6	1.0	0.0	0.3481983181965837	0.497830506290384	0	0	0	0	0
ATACTTGTTCTCGAGC-1	4_0	1	30	10	1.0	0.0	0.0499921796913132	0.4978070471655462	0	0	0	0	0
GTTAATGTCTATCTTA-1	4_0	1	30	12	1.0	0.0	0.0499966365375948	0.497830506290384	0	0	0	0	0
GCGTTATATTTGGAAC-1	1_0	1	31	13	1.0	0.0	0.116127397403905	0.4947738048721673	0	0	0	0	0
CGTCAAGGCTATAAAT-1	1_0	1	30	14	1.0	0.0	0.116127397403905	0.4947738048721673	0	0	0	0	0
TTAGCTCTGTAATCCG-1	1_0	1	31	15	2.0	0.0	0.1491411560442865	0.4895487515689573	0	0	0	0	0
AATGGTCCACCGTTCA-1	1_0	1	30	16	3.0	0.0	0.146507695163405	0.4843259809173423	0	0	0	0	0
GTCATTGCATTGACCC-1	1_0	1	31	17	2.0	0.0	0.1491502427410095	0.4895666448771648	0	0	0	0	0
TCAACTAACGTATAAC-1	1_0	1	31	19	7.0	0.0	0.2277907728379788	0.46349825646737	0	0	0	0	0
TGTGTTCGTATCCAAG-1	1_0	1	31	21	6.0	0.3333333333333333	0.9999837943013686	0.9999935348631404	2	1	1	1	1
TATCTACAGAGGTAAT-1	1_0	1	30	24	2.0	0.0	0.1491411560442865	0.4895487515689573	0	0	0	0	0
CTACTCTAGGCCCGGC-1	1_0	1	31	25	2.0	0.0	0.0774617445289335	0.4895487515689573	0	0	0	0	0
ACAAGCAGTGCCTAGC-1	1_0	1	30	26	4.0	0.0	0.1767711186092408	0.4791066317508463	0	0	0	0	0
TACAAGTCTCGTGCAT-1	1_0	1	31	27	3.0	0.0	0.2428205796060854	0.4843259809173423	0	0	0	0	0
TCGGAATGCGCTCTGA-1	1_0	1	30	28	7.0	0.0	0.1678523237223698	0.4635226646532703	0	0	0	0	0
TATGGCCCGGCCTCGC-1	1_0	1	30	30	1.0	0.0	0.0789767616233219	0.4948006749370049	0	0	0	0	0
GCTGGCATATTCACCT-1	1_0	1	31	31	2.0	0.0	0.1140103808853979	0.489577466086899	0	0	0	0	0
GGCGTCCTATCCGCTG-1	1_0	1	31	33	2.0	0.0	0.1491411560442865	0.4895487515689573	0	0	0	0	0
CCAACGATGCACTGAT-1	1_0	1	31	37	1.0	0.0	0.0789689430742238	0.4947738048721673	0	0	0	0	0
CCCTGAAATGAGTTGA-1	1_0	1	31	39	1.0	0.0	0.1161347472188202	0.4947917040391964	0	0	0	0	0
CAAACGGTCGCACTTT-1	1_0	1	30	40	1.0	0.0	0.0789689430742238	0.4947738048721673	0	0	0	0	0
TCAGGTTCTTTGAGAA-1	1_0	1	30	42	1.0	0.0	0.1860835637845926	0.4947738048721673	0	0	0	0	0
CTTACACGGTATTCCA-1	1_0	1	31	45	1.0	0.0	0.0789767616233219	0.4948006749370049	0	0	0	0	0
GAAATGGCGGTGTTAG-1	3_0	1	30	52	1.0	0.0	0.0645079425644496	0.4971629941100144	0	0	0	0	0
ACCACAAGTTTCTATC-1	3_0	1	30	54	1.0	0.0	0.085082033687991	0.4971629941100144	0	0	0	0	0
ATATTTAACCCTCAAG-1	3_0	1	31	55	2.0	0.0	0.1041528652277229	0.4943479717079968	0	0	0	0	0
ACTGTCTTCTTTAGAA-1	3_0	1	30	64	2.0	0.0	0.0638336388785376	0.4943560554847317	0	0	0	0	0
TCAAACTTAGATTGTT-1	0_19	1	31	65	1.0	0.0	0.0	0.4998657768292399	0	0	0	0	0
TTAATGTAGACCAGGT-1	3_0	1	30	68	1.0	0.0	0.0850888229772882	0.4971847970326933	0	0	0	0	0
GGCGGTAGGATCATTG-1	0_19	1	31	69	1.0	0.0	0.0	0.4998657768292399	0	0	0	0	0
ACACGAGACTCCTTCT-1	5_1	1	31	71	1.0	0.0	0.0	0.4999314819425199	0	0	0	0	0
TCAGCAAATGCATCTC-1	5_1	1	31	73	3.0	0.0	0.0	0.4996630356451366	0	0	0	0	0
GAGATCTGTCACTCCG-1	5_1	1	30	74	3.0	0.0	0.0	0.4996630356451366	0	0	0	0	0
TTGGGCGGCGGTTGCC-1	5_1	1	30	76	1.0	0.0	0.0	0.4998657768292399	0	0	0	0	0
TTGTTGTGTGTCAAGA-1	5_1	1	31	77	2.0	0.0	0.0	0.4997315536778249	0	0	0	0	0
ACTGTACGATACACAT-1	5_1	1	30	78	1.0	0.0	0.0	0.4998657768292399	0	0	0	0	0
TATGTCTCATTGTGCC-1	5_1	1	30	82	2.0	0.0	0.0	0.4997315536778249	0	0	0	0	0
GGATTTCACTTCTATA-1	5_1	1	31	83	5.0	0.0	0.0	0.4993945895420156	0	0	0	0	0
CGCTTTCTTGCATTCG-1	5_1	1	31	85	4.0	0.0	0.0	0.4994631075104112	0	0	0	0	0
GTAGCTTCCTCTTGTT-1	5_1	1	31	89	1.0	0.0	0.0	0.4998657768292399	0	0	0	0	0
GGCTCGCGTTGAGGTA-1	5_1	1	31	93	1.0	0.0	0.0	0.4999314819425199	0	0	0	0	0
TACTTTACTGAGCCGG-1	5_1	1	30	96	2.0	0.0	0.0	0.4997315536778249	0	0	0	0	0
GCTTGGATCGATTAGG-1	5_1	1	31	97	5.0	0.0	0.0	0.499460294571838	0	0	0	0	0
CGGTTATCCAACAGTG-1	5_1	1	30	98	1.0	0.0	0.0	0.4998657768292399	0	0	0	0	0
CAGACCTGTAAGTGTT-1	0_19	1	31	99	1.0	0.0	0.0	0.4998657768292399	0	0	0	0	0
CCATACCTTTACTTGT-1	2_0	1	30	102	1.0	0.0	0.0	0.4999314819425199	0	0	0	0	0
TCAGAACCTCCACAGG-1	6_1	1	30	106	1.0	0.0	0.0	0.4998657768292399	0	0	0	0	0
TCCCACTCTCTTCCGG-1	6_1	1	31	107	1.0	0.0	0.0	0.4998657768292399	0	0	0	0	0
GTTAGCCGTAAATCAA-1	6_1	1	30	110	1.0	0.0	0.0	0.4999314819425199	0	0	0	0	0
CCATACTCGCCTCTCC-1	4_0	1	32	0	3.0	0.0	0.344206152844872	0.4934214789492472	0	0	0	0	0
ACGATACCTATCCTGA-1	4_0	1	33	1	3.0	0.0	0.3442351896727585	0.4934536318151928	0	0	0	0	0
CTCACCAGTACAAGTG-1	4_0	1	32	2	1.0	0.0	0.3481770213147103	0.4978070471655462	0	0	0	0	0
CGAAGACGGTGAGTGC-1	4_0	1	33	3	1.0	0.0	0.3481770213147103	0.4978070471655462	0	0	0	0	0
AAATTAATAAGCGCGA-1	4_0	1	32	4	1.0	0.0	0.3481770213147103	0.4978070471655462	0	0	0	0	0
CTGCCCACGAAGCGTT-1	1_0	1	32	6	1.0	0.0	0.1860835637845926	0.4947738048721673	0	0	0	0	0
GGACAAGTTGCAGTGA-1	1_0	1	33	7	1.0	0.0	0.116127397403905	0.4947738048721673	0	0	0	0	0
GTCCGAGAGCAATCAT-1	4_0	1	32	8	1.0	0.0	0.0660991769326416	0.4978070471655462	0	0	0	0	0
ATGGCAGCCGAGAAAC-1	1_0	1	33	9	3.0	0.0	0.2428337449555202	0.4843438644620678	0	0	0	0	0
ATACGGTGAAGATGCA-1	1_0	1	33	11	2.0	0.0	0.1829487446159749	0.4895666448771648	0	0	0	0	0
CCTGCGTTCTACGCTT-1	1_0	1	32	14	3.0	0.0	0.1798445039081395	0.4843438644620678	0	0	0	0	0
CTGATAGTGTATCTCA-1	1_0	1	32	16	2.0	0.0	0.1829380415309398	0.4895487515689573	0	0	0	0	0
TTCTGCGAGCGCCCTT-1	1_0	1	33	17	1.0	0.0	0.0789689430742238	0.4947738048721673	0	0	0	0	0
CTTTGGCGCTTTATAC-1	1_0	1	32	18	1.0	0.0	0.1518135332692512	0.4947738048721673	0	0	0	0	0
TAGATTCCTGGTTATT-1	1_0	1	32	20	1.0	0.0	0.186100967993597	0.4948025287856296	0	0	0	0	0
CCGACAAAGGGAGTGC-1	0_0	1	33	21	1.0	0.0	0.054046046390769	0.4976284005609435	0	0	0	0	0
GAAATATCACCATCAG-1	1_0	1	33	23	3.0	0.0	0.1465166490407052	0.4843438644620678	0	0	0	0	0
GTGAGCGTGCTGCACT-1	5_0	1	33	25	10.0	0.0	0.1935962476376811	0.4614409938631713	0	0	0	0	0
CCGCGGGTACGAAGAA-1	1_0	1	32	26	4.0	0.0	0.1439216916759681	0.4791245016359526	0	0	0	0	0
TCCCTGGCTCGCTGGA-1	5_0	1	33	27	11.0	0.0	0.1234417484418105	0.4575771844981456	0	0	0	0	0
AAGTAGTGACGCGAGG-1	5_0	1	33	31	2.0	0.0	0.0860043952163945	0.492261583124082	0	0	0	0	0
TCCGATTACATTGCCG-1	1_0	1	32	32	2.0	0.0	0.0774668616406419	0.4895666448771648	0	0	0	0	0
GTTCACAGGAGTCTAG-1	1_0	1	32	34	2.0	0.0	0.1139987742976663	0.4895487515689573	0	0	0	0	0
CGAAGTTGCTCTGTGT-1	1_0	1	33	35	1.0	0.0	0.0789760824994969	0.4947983410824481	0	0	0	0	0
CCATTCCCTGCCCACA-1	0_0	1	33	39	1.0	0.0	0.0363602470193846	0.4976284005609435	0	0	0	0	0
CTTTGGCTTTAGTAAA-1	1_0	1	32	40	1.0	0.0	0.116127397403905	0.4947738048721673	0	0	0	0	0
CCATTAGCGATAATCC-1	1_0	1	32	42	1.0	0.0	0.0789689430742238	0.4947738048721673	0	0	0	0	0
CGTATTAAGAGATCTA-1	3_0	1	32	54	1.0	0.0	0.0645079425644496	0.4971629941100144	0	0	0	0	0
GGGAGAACTCACAGTA-1	0_19	1	32	64	1.0	0.0	0.0	0.4998657768292399	0	0	0	0	0
ATCAATCTGGGCTGCA-1	3_0	1	33	65	1.0	0.0	0.085082033687991	0.4971629941100144	0	0	0	0	0
CTCTCACAATCGATGA-1	0_19	1	32	70	1.0	0.0	0.0	0.4998657768292399	0	0	0	0	0
TCGGAGTACATGAGTA-1	5_1	1	32	74	1.0	0.0	0.0	0.4999314819425199	0	0	0	0	0
GGGAGTTAATGAGGCG-1	0_19	1	33	75	1.0	0.0	0.0	0.4999558453986304	0	0	0	0	0
CCGTAAGTTGGTCCCA-1	5_1	1	33	77	1.0	0.0	0.0	0.4999558453986304	0	0	0	0	0
GGAGGGCTTGGTTGGC-1	5_1	1	32	78	1.0	0.0	0.0	0.4998657768292399	0	0	0	0	0
TCTGTGCCATCATAGT-1	5_1	1	32	80	1.0	0.0	0.0	0.4998657768292399	0	0	0	0	0
GGAATGCGCTAGCGTG-1	5_1	1	32	82	2.0	0.0	0.0	0.4997315536778249	0	0	0	0	0
GGTCGGCCAGGAGCTT-1	5_1	1	32	84	2.0	0.0	0.0	0.4997972587792181	0	0	0	0	0
TAGCCGGCGGTCAGCG-1	5_1	1	33	85	2.0	0.0	0.0	0.4998629638876133	0	0	0	0	0
AGTGATTCAAGCAGGA-1	5_1	1	33	87	2.0	0.0	0.0	0.4997972587792181	0	0	0	0	0
GTTGGATTGAGAACAC-1	5_1	1	32	88	4.0	0.0	0.0	0.4994631075104112	0	0	0	0	0
CACACGCGCTGTCTTA-1	0_19	1	33	89	1.0	0.0	0.0	0.4999314819425199	0	0	0	0	0
AATCTGCGTTGGGACG-1	5_1	1	32	92	3.0	0.0	0.0	0.4995973305651003	0	0	0	0	0
CGGCAGGGTCGGGTTG-1	5_1	1	32	94	2.0	0.0	0.0	0.4997315536778249	0	0	0	0	0
TCTTCCCATGGGCACA-1	5_1	1	32	96	2.0	0.0	0.0	0.4998629638876133	0	0	0	0	0
AGAATTATGGATTCGA-1	0_19	1	32	98	1.0	0.0	0.0	0.4998657768292399	0	0	0	0	0
TAACCTACCGTCCGAG-1	2_0	1	33	101	1.0	0.0	0.0	0.4998657768292399	0	0	0	0	0
GCATTTCCAAGGCTCC-1	6_1	1	33	111	1.0	0.0	0.0	0.4998657768292399	0	0	0	0	0
GTGACGAGGGTGACCC-1	6_1	1	32	114	1.0	0.0	0.0	0.4998657768292399	0	0	0	0	0
GGTATGAAAGAACTGA-1	4_0	1	34	0	1.0	0.0	0.3481770213147103	0.4978070471655462	0	0	0	0	0
CGCCGACTATTCGCTA-1	1_0	1	35	5	1.0	0.0	0.116127397403905	0.4947738048721673	0	0	0	0	0
CCTGCCCGTTGTCTAG-1	1_0	1	35	9	3.0	0.0	0.2119246552447748	0.4843259809173423	0	0	0	0	0
GCACACGCCCATGGTC-1	1_0	1	34	10	3.0	0.0	0.2119530086860244	0.48436837931902	0	0	0	0	0
TATCTAGCCTAAAGGA-1	1_0	1	34	12	2.0	0.0	0.1491411560442865	0.4895487515689573	0	0	0	0	0
CACTCGGTTAGGAGGA-1	1_0	1	35	13	1.0	0.0	0.1518135332692512	0.4947738048721673	0	0	0	0	0
TTCCTCTGCCCGAATA-1	1_0	1	35	15	1.0	0.0	0.1161347472188202	0.4947917040391964	0	0	0	0	0
TTACTATCGGCTTCTC-1	1_0	1	34	16	1.0	0.0	0.116127397403905	0.4947738048721673	0	0	0	0	0
TAAGGGCTGGGAGAGG-1	1_0	1	34	18	2.0	0.0	0.0774617445289335	0.4895487515689573	0	0	0	0	0
TAAGCAGGCGACACGC-1	1_0	1	35	19	1.0	0.0	0.1860835637845926	0.4947738048721673	0	0	0	0	0
AGCACTACCGGCCTGT-1	0_0	1	34	20	4.0	0.0	0.0695658601439947	0.4905920177245237	0	0	0	0	0
GAAAGCCCTTTGGACC-1	5_0	1	35	21	3.0	0.0	0.1626868206570155	0.4883935331037776	0	0	0	0	0
GACCGACTGAAGCGTC-1	5_0	1	34	22	3.0	0.0	0.1115002991911252	0.4883935331037776	0	0	0	0	0
CGGTGAAGACTAAAGT-1	5_0	1	35	23	12.0	0.0	0.1446298354789763	0.4537774179151498	0	0	0	0	0
CCCTGCGCTACGCATA-1	5_0	1	34	24	8.0	0.0	0.1524524374871665	0.4691499017620698	0	0	0	0	0
TACTGGACAGCTCGGC-1	5_0	1	35	25	32.0	0.0	0.1633933396137517	0.3787581485144954	0	0	0	0	0
TTAGTAGGGCGGCGGG-1	5_0	1	34	26	20.0	0.0	0.1091717350876316	0.4233354342967293	0	0	0	0	0
GAGGCTATCAAAGTCG-1	5_0	1	35	27	13.0	0.0	0.1427158251941619	0.4499241694794972	0	0	0	0	0
TTACCATTGATTACCC-1	5_0	1	34	28	3.0	0.0	0.1115002991911252	0.4883935331037776	0	0	0	0	0
ATACCACGGGCAACTT-1	5_0	1	35	29	28.0	0.0	0.1900918476301977	0.3935068478812711	0	0	0	0	0
TGTCCTAAGTCACCGC-1	5_0	1	34	30	6.0	0.0	0.1320671654336865	0.4768490303610272	0	0	0	0	0
AGGTAGGTACAAAGCT-1	5_0	1	35	31	4.0	0.0	0.1099867507584933	0.4845540135369685	0	0	0	0	0
TGTAGTGATCTATAAT-1	0_0	1	35	33	2.0	0.0	0.0360293164348405	0.4952569078316692	0	0	0	0	0
TCCCGGGTGTGCTGCT-1	1_0	1	34	34	1.0	0.0	0.0789689430742238	0.4947738048721673	0	0	0	0	0
TACGATGTTGATCATC-1	0_0	1	35	35	1.0	0.0	0.0363602470193846	0.4976284005609435	0	0	0	0	0
CTAGTGAAGGACAGGA-1	0_0	1	34	38	1.0	0.0	0.0540507408493374	0.4976513548651566	0	0	0	0	0
GGCACTCCACTGGGCA-1	1_0	1	34	46	1.0	0.0	0.0789689430742238	0.4947738048721673	0	0	0	0	0
CACTTAATCAGACGGA-1	3_0	1	34	48	1.0	0.0	0.0645079425644496	0.4971629941100144	0	0	0	0	0
ATAAAGGCTCGGTCGT-1	3_0	1	34	50	1.0	0.0	0.0434762401545309	0.4971629941100144	0	0	0	0	0
TCTAGTTATCAGAAGA-1	3_0	1	34	54	1.0	0.0	0.0434762401545309	0.4971629941100144	0	0	0	0	0
TTGTAATCCGTACTCG-1	3_0	1	35	55	1.0	0.0	0.124896170653458	0.4971629941100144	0	0	0	0	0
GAAGCGTGAGGAATTT-1	3_0	1	34	60	1.0	0.0	0.0645079425644496	0.4971629941100144	0	0	0	0	0
TATTCGTGCCAGAATA-1	3_0	1	34	64	1.0	0.0	0.1052082602828708	0.4971629941100144	0	0	0	0	0
CTAGCATAGTATAATG-1	3_0	1	34	66	1.0	0.0	0.0850888229772882	0.4971847970326933	0	0	0	0	0
CTATCGGGTCTCAACA-1	3_0	1	35	69	2.0	0.0	0.0638264948522002	0.4943261708856079	0	0	0	0	0
GCTAAGTAGTTTCTCT-1	0_19	1	34	80	1.0	0.0	0.0	0.4998657768292399	0	0	0	0	0
CGTCGGATAGTGTTGA-1	2_0	1	34	96	1.0	0.0	0.0	0.4998657768292399	0	0	0	0	0
GATATTGAGATTGGCG-1	2_0	1	34	100	2.0	0.0	0.0	0.4997315536778249	0	0	0	0	0
TACGCTATAGAAACCT-1	2_0	1	34	104	1.0	0.0	0.0	0.4998657768292399	0	0	0	0	0
AAATTCCAGGTCCAAA-1	2_0	1	35	115	2.0	0.0	0.0	0.4997315536778249	0	0	0	0	0
CAAACCAGGTCTGCAT-1	4_0	1	36	0	1.0	1.0	0.9892377503464576	0.994171674756558	1	1	1	1	1
AGCCGCAAATTCAAAT-1	1_0	1	37	3	1.0	0.0	0.1860944089878433	0.4947917040391964	0	0	0	0	0
GTGCTGCAGATAAGGA-1	1_0	1	37	7	1.0	0.0	0.1518135332692512	0.4947738048721673	0	0	0	0	0
TAGAAATTCACGTATA-1	1_0	1	36	10	1.0	0.0	0.2505903288757015	0.4947738048721673	0	0	0	0	0
AGAATAAATCTTCAGG-1	1_0	1	37	11	1.0	0.0	0.1518135332692512	0.4947738048721673	0	0	0	0	0
CATTGCGAAATGGGCG-1	1_0	1	36	12	1.0	1.0	0.9868328202223638	0.9975672936265406	1	1	1	1	1
TGTAATGACCACAATA-1	1_0	1	36	14	2.0	0.5	0.981777187480664	0.9975160289178416	1	1	1	1	1
AAAGTCGACCCTCAGT-1	1_0	1	37	15	2.0	0.0	0.1139987742976663	0.4895487515689573	0	0	0	0	0
AAACCTCATGAAGTTG-1	5_0	1	37	19	5.0	0.0	0.1338410830574932	0.4806891899925534	0	0	0	0	0
TATAGGGTACTCATGA-1	5_0	1	36	20	4.0	0.0	0.1356328699288446	0.484526872563251	0	0	0	0	0
CCAGCTGATGGTACTT-1	5_0	1	37	21	26.0	0.0384615384615384	0.990270598149168	0.9951707831391312	1	1	1	1	1
AATATTGGAGTATTGA-1	5_0	1	36	22	10.0	0.0	0.1713095143014	0.4614409938631713	0	0	0	0	0
GGCCCTCACCCACTTA-1	5_0	1	37	23	42.0	0.0238095238095238	0.9809742871995484	0.993825451879571	1	1	1	1	1
AACCAAGACTTCTCTG-1	5_0	1	36	24	34.0	0.0	0.1612603654586886	0.375074191761958	0	0	0	0	0
TCGTATTACCCATTGC-1	5_0	1	37	25	15.0	0.1333333333333333	0.9999924884841372	0.9999978952939422	2	1	1	1	1
ATTCGACGCCGGGCCT-1	5_0	1	36	26	12.0	0.0	0.1888377532979768	0.4538038726621935	0	0	0	0	0
GGCGCAGGACATCTTC-1	5_0	1	37	27	19.0	0.0	0.1727641798352861	0.4270504814843154	0	0	0	0	0
GTACTCCCTTATCGCT-1	5_0	1	36	28	14.0	0.0	0.1408457153714341	0.4461233592056584	0	0	0	0	0
TGGTCTGTTGGGCGTA-1	5_0	1	37	29	5.0	0.0	0.1338284859585966	0.4806620636274258	0	0	0	0	0
AATAACAACGCTCGGC-1	5_0	1	36	30	28.0	0.0	0.2426207815787492	0.3934196874885904	0	0	0	0	0
ACAATCCATTTAAACC-1	5_0	1	36	32	1.0	1.0	0.9508018662333668	0.996714754508751	1	1	1	1	1
TTGCCCTGATCACGGG-1	0_0	1	36	34	1.0	0.0	0.0363602470193846	0.4976284005609435	0	0	0	0	0
CTAAAGAATGCCTACT-1	0_0	1	36	36	1.0	0.0	0.0363602470193846	0.4976284005609435	0	0	0	0	0
GATCTTTGCAGGGTAT-1	0_0	1	36	38	1.0	0.0	0.0363602470193846	0.4976284005609435	0	0	0	0	0
GGGTACTTCATGAACT-1	0_0	1	37	39	1.0	0.0	0.0363602470193846	0.4976284005609435	0	0	0	0	0
GCCGCTTGTGAGAAAC-1	0_0	1	36	40	1.0	0.0	0.0363602470193846	0.4976284005609435	0	0	0	0	0
ACGATGCATATGTTAT-1	0_0	1	37	43	1.0	0.0	0.0714101280355935	0.4976284005609435	0	0	0	0	0
AGATTATAGGACGTTT-1	3_0	1	36	54	1.0	0.0	0.085082033687991	0.4971629941100144	0	0	0	0	0
GCAGATTAGGGATATC-1	3_0	1	37	61	1.0	0.0	0.0645079425644496	0.4971629941100144	0	0	0	0	0
CCAGCCTGGACCAATA-1	3_0	1	37	65	1.0	0.0	0.085082033687991	0.4971629941100144	0	0	0	0	0
ATGGAGCAGGCCGTGA-1	3_0	1	36	66	2.0	0.0	0.0638343184472848	0.4943588980687259	0	0	0	0	0
AAGACTGCAAGCTACT-1	3_0	1	36	68	1.0	0.0	0.1052164708912802	0.4971847970326933	0	0	0	0	0
CTAGTCACGTCTTAAG-1	3_0	1	37	69	1.0	0.0	0.0850888229772882	0.4971847970326933	0	0	0	0	0
ATTAGGCGATGCTTTC-1	3_0	1	37	71	1.0	0.0	0.0645079425644496	0.4971629941100144	0	0	0	0	0
AACGTGCGAAAGTCTC-1	3_0	1	36	74	1.0	0.0	0.0645079425644496	0.4971629941100144	0	0	0	0	0
GCGATTGTTAACGTTA-1	2_0	1	37	77	1.0	0.0	0.0	0.4998657768292399	0	0	0	0	0
CACGTTCGTGCTCTAG-1	2_0	1	37	81	1.0	0.0	0.0	0.4998657768292399	0	0	0	0	0
CCGGGCTGCTCCATAC-1	2_0	1	36	86	1.0	0.0	0.0	0.4998657768292399	0	0	0	0	0
AGGGTCGATGCGAACT-1	6_0	1	37	97	1.0	0.0	0.0	0.4998657768292399	0	0	0	0	0
AAATAGCTTAGACTTT-1	2_0	1	36	106	1.0	0.0	0.0	0.4998657768292399	0	0	0	0	0
GCTTACGTAGTTAGTA-1	6_1	1	36	112	1.0	0.0	0.0	0.4998657768292399	0	0	0	0	0
ACAGGTGTGTTGTTGC-1	1_0	1	38	0	1.0	0.0	0.3906434296420222	0.4947738048721673	0	0	0	0	0
ACCAGACCATAACAAC-1	1_0	1	38	4	2.0	0.0	0.1140060067671232	0.4895666448771648	0	0	0	0	0
TGAGACGTACCTCTCA-1	1_0	1	39	5	1.0	0.0	0.1161374726446727	0.4947983410824481	0	0	0	0	0
GGTTCGGATTATACTA-1	1_0	1	39	7	1.0	0.0	0.1518135332692512	0.4947738048721673	0	0	0	0	0
CCTCCTGAGCCCACAT-1	1_0	1	38	8	1.0	0.0	0.116127397403905	0.4947738048721673	0	0	0	0	0
ACTTTGACTGCATCCT-1	1_0	1	39	11	1.0	0.0	0.116127397403905	0.4947738048721673	0	0	0	0	0
CCCTGACTAACAAATT-1	1_0	1	38	12	1.0	0.0	0.1860835637845926	0.4947738048721673	0	0	0	0	0
ACGCTGTGAGGCGTAG-1	1_0	1	39	13	1.0	0.0	0.116127397403905	0.4947738048721673	0	0	0	0	0
GCATACGAGGTCTTTA-1	1_0	1	38	14	1.0	0.0	0.1518227537327844	0.4947917040391964	0	0	0	0	0
TCGGGATTCAAACATA-1	1_0	1	39	15	1.0	0.0	0.116127397403905	0.4947738048721673	0	0	0	0	0
GGGCCCTACGAAAGGG-1	5_0	1	38	16	2.0	0.0	0.1130429256889446	0.492261583124082	0	0	0	0	0
CGCCAAGAAGCCGAGT-1	5_0	1	39	17	4.0	0.0	0.0836171784038024	0.4845763945669013	0	0	0	0	0
GGTACATCTGGGACGA-1	5_0	1	38	18	6.0	0.1666666666666666	0.9736237273447804	0.9964513493941688	1	1	1	1	1
GGATGCTGGCGTTCCT-1	5_0	1	39	19	5.0	0.0	0.0824237870325302	0.4806620636274258	0	0	0	0	0
CCGATTCGAGGGACCC-1	5_0	1	38	20	16.0	0.0625	0.989869001382508	0.9979212542701298	1	1	1	1	1
CCACTGGTGGCTGGTT-1	5_0	1	39	21	15.0	0.0	0.1818117203118743	0.4422947820008792	0	0	0	0	0
GACAGGCACACACTAT-1	5_0	1	38	22	50.0	0.0	0.143146956910022	0.3159221002943568	0	0	0	0	0
TCAACGCGACCGGCAG-1	5_0	1	39	23	11.0	0.0	0.1691732481951257	0.4576849450356998	0	0	0	0	0
CTACGACTAGCTATAA-1	5_0	1	38	24	89.0	0.0224719101123595	0.999969770935932	0.9999791328576472	2	1	1	1	1
CGGTTGACCTGGCATA-1	5_0	1	39	25	16.0	0.0	0.2001009887879638	0.4384900704052156	0	0	0	0	0
ATCCTGAATCGCTGCG-1	5_0	1	38	26	21.0	0.238095238095238	0.9999999999996906	0.9999999999998748	5	1	1	1	1
GTTTCATATCGTCGCT-1	5_0	1	39	27	2.0	0.0	0.1393221783927749	0.4923012102665637	0	0	0	0	0
ATAAATATTAGCAGCT-1	5_0	1	38	28	1.0	0.0	0.1411693357307346	0.4961305598341076	0	0	0	0	0
AAGAGGATGTACGCGA-1	0_0	1	39	29	1.0	0.0	0.0714101280355935	0.4976284005609435	0	0	0	0	0
TCCTGCGTTGATACTC-1	0_0	1	38	30	1.0	0.0	0.0363634643361498	0.4976513548651566	0	0	0	0	0
CCGGGTTCGAGGTTAC-1	0_0	1	38	32	1.0	0.0	0.0363602470193846	0.4976284005609435	0	0	0	0	0
AACTCAAGTTAATTGC-1	0_0	1	38	44	1.0	0.0	0.054046046390769	0.4976284005609435	0	0	0	0	0
TGTACGAACAAATCCG-1	3_0	1	38	58	1.0	0.0	0.0645132058674341	0.4971847970326933	0	0	0	0	0
GTAGCGGCTATACACT-1	3_0	1	39	69	1.0	0.0	0.0434762401545309	0.4971629941100144	0	0	0	0	0
TAACATACAATGTGGG-1	3_0	1	38	70	1.0	0.0	0.085082033687991	0.4971629941100144	0	0	0	0	0
GATCGTGACTGATATC-1	3_0	1	38	72	1.0	0.0	0.0434762401545309	0.4971629941100144	0	0	0	0	0
GATCCGGGAATTAACA-1	3_0	1	39	73	1.0	0.0	0.085082033687991	0.4971629941100144	0	0	0	0	0
GATATGAGACACTAAC-1	2_0	1	39	81	1.0	0.0	0.0	0.4998657768292399	0	0	0	0	0
CGCCGCCCATGCCTGT-1	2_0	1	39	83	1.0	0.0	0.0	0.4998657768292399	0	0	0	0	0
TTCAATACTCTGAATC-1	6_0	1	38	86	2.0	0.0	0.0	0.4997972587792181	0	0	0	0	0
GATAACTCGCACTGTG-1	6_0	1	39	89	2.0	0.0	0.0	0.4997315536778249	0	0	0	0	0
GTATGTGGGTCTAGTT-1	6_0	1	38	92	1.0	0.0	0.0	0.4998657768292399	0	0	0	0	0
TTGAATTCACGTGAGG-1	6_0	1	39	97	1.0	0.0	0.0	0.4998657768292399	0	0	0	0	0
CCATCTCACCAGTGAA-1	6_0	1	38	98	1.0	0.0	0.0	0.4998657768292399	0	0	0	0	0
ATAGTTCCACCCACTC-1	6_0	1	38	102	2.0	0.0	0.0	0.4997972587792181	0	0	0	0	0
TAATTTCCGTCCAGTA-1	1_0	1	40	0	2.0	0.0	0.2466981885019908	0.4895666448771648	0	0	0	0	0
TACCTATCCCTAGAGG-1	1_0	1	40	2	1.0	0.0	0.1161347472188202	0.4947917040391964	0	0	0	0	0
GCATGGGTACTGACGC-1	1_0	1	41	3	1.0	0.0	0.116127397403905	0.4947738048721673	0	0	0	0	0
GCAAATGAGGACACTT-1	1_0	1	41	5	1.0	0.0	0.1518135332692512	0.4947738048721673	0	0	0	0	0
GAATGGGCTTATCGAC-1	1_0	1	40	6	1.0	0.0	0.116127397403905	0.4947738048721673	0	0	0	0	0
TGGTCGTGCAAGGCAA-1	1_0	1	41	7	2.0	0.0	0.1139987742976663	0.4895487515689573	0	0	0	0	0
CACCACGCCACACAGA-1	1_0	1	40	8	2.0	0.0	0.1491411560442865	0.4895487515689573	0	0	0	0	0
CAATACGCTCTGAGGC-1	1_0	1	40	10	2.0	0.0	0.1139987742976663	0.4895487515689573	0	0	0	0	0
TGGTAAGCAGGATTGA-1	1_0	1	41	11	3.0	0.0	0.1119042290806858	0.4843259809173423	0	0	0	0	0
AGTGGCTCCGTCGGCC-1	1_0	1	40	12	1.0	0.0	0.116127397403905	0.4947738048721673	0	0	0	0	0
GCTACAGTACGGACCG-1	1_0	1	40	14	1.0	0.0	0.1518135332692512	0.4947738048721673	0	0	0	0	0
TTCAGGCGTCAAAGCC-1	1_0	1	40	16	1.0	0.0	0.0789689430742238	0.4947738048721673	0	0	0	0	0
AGAGATCTCTAAAGCG-1	5_0	1	40	18	2.0	0.0	0.1130429256889446	0.492261583124082	0	0	0	0	0
GTGGCGGTCCCAGCGT-1	5_0	1	40	20	5.0	0.0	0.08242978266976	0.4806818523071847	0	0	0	0	0
GCATTGTAATTCATAT-1	5_0	1	41	21	2.0	0.0	0.1130429256889446	0.492261583124082	0	0	0	0	0
CCGTTCCGAATCTCGG-1	5_0	1	40	22	14.0	0.0	0.1408361229401787	0.446103771100881	0	0	0	0	0
CCTGTACTCACGCCCA-1	5_0	1	40	24	5.0	0.0	0.1338284859585966	0.4806620636274258	0	0	0	0	0
CCCGTAAGTCTAGGCC-1	5_0	1	40	28	1.0	0.0	0.1411693357307346	0.4961305598341076	0	0	0	0	0
TTGCATGCTGATCACG-1	0_0	1	41	35	2.0	0.0	0.0360293164348405	0.4952569078316692	0	0	0	0	0
TCCTAGCAAAGAAGCT-1	0_0	1	41	41	1.0	0.0	0.0363602470193846	0.4976284005609435	0	0	0	0	0
CGATACCTCGCGGACA-1	0_0	1	40	48	1.0	0.0	0.0363602470193846	0.4976284005609435	0	0	0	0	0
GGCAAATTACTTTACT-1	0_0	1	41	53	1.0	0.0	0.0363602470193846	0.4976284005609435	0	0	0	0	0
TACGCCATATTCTAAT-1	3_0	1	40	58	1.0	0.0	0.0645079425644496	0.4971629941100144	0	0	0	0	0
GCGCCGTTCCACGATA-1	3_0	1	41	65	1.0	1.0	0.9392659996998416	0.9955105753540148	1	1	1	1	1
AGGTTTCACACACCTT-1	2_0	1	41	67	1.0	0.0	0.0	0.4998657768292399	0	0	0	0	0
ATACGCCGGCGAAACC-1	2_0	1	40	78	3.0	0.0	0.0	0.4995973305651003	0	0	0	0	0
GCGCAAGAGCGCGCTG-1	6_0	1	40	100	1.0	0.0	0.0	0.4998657768292399	0	0	0	0	0
TATAGATGGTCGCAGT-1	6_0	1	40	102	1.0	0.0	0.0	0.4998657768292399	0	0	0	0	0
CATGACTTCGCTGAAT-1	2_0	1	40	106	1.0	0.0	0.0	0.4998657768292399	0	0	0	0	0
TGCCACACTAGAGGAA-1	1_0	1	43	3	1.0	0.0	0.0789741512279339	0.4947917040391964	0	0	0	0	0
CTCAGATTGTGATAAG-1	1_0	1	43	5	1.0	0.0	0.116127397403905	0.4947738048721673	0	0	0	0	0
CCGCCTTGCGATGTCG-1	1_0	1	43	7	1.0	0.0	0.0789689430742238	0.4947738048721673	0	0	0	0	0
CCAGTCAAATCTCTTA-1	1_0	1	42	8	1.0	0.0	0.0789689430742238	0.4947738048721673	0	0	0	0	0
TAGCTGATGTGAAGCG-1	1_0	1	42	10	1.0	0.0	0.0789689430742238	0.4947738048721673	0	0	0	0	0
TGGCTCTTGTCGCGTA-1	1_0	1	42	12	1.0	0.0	0.0789741512279339	0.4947917040391964	0	0	0	0	0
TTGTGAGGCATGACGC-1	1_0	1	43	13	1.0	0.0	0.0789689430742238	0.4947738048721673	0	0	0	0	0
TGCAGATCGTCCTAGG-1	1_0	1	42	18	1.0	0.0	0.116127397403905	0.4947738048721673	0	0	0	0	0
TGCCAAAGTCAGACTT-1	1_0	1	43	19	1.0	1.0	0.9821474603243984	0.9975672936265406	1	1	1	1	1
CATGCCAACTCGCAAA-1	5_0	1	43	21	1.0	0.0	0.1146041418109421	0.4961305598341076	0	0	0	0	0
TGCAGAACTATATCGT-1	1_0	1	42	22	1.0	0.0	0.116127397403905	0.4947738048721673	0	0	0	0	0
CTTGCAACCGCCTCCT-1	0_0	1	43	25	1.0	0.0	0.0363634643361498	0.4976513548651566	0	0	0	0	0
CGCTTATTCCCGGTCG-1	0_0	1	42	30	1.0	0.0	0.0363634643361498	0.4976513548651566	0	0	0	0	0
TTACTCTGGTACGTAC-1	0_0	1	43	31	1.0	0.0	0.054046046390769	0.4976284005609435	0	0	0	0	0
ACCATCGTATATGGTA-1	0_0	1	42	42	1.0	0.0	0.054046046390769	0.4976284005609435	0	0	0	0	0
AGGACGACCCATTAGA-1	0_0	1	43	45	3.0	0.0	0.0530842205094966	0.4928856285027545	0	0	0	0	0
ACCCGGTTACACTTCC-1	0_0	1	42	48	1.0	0.0	0.0714101280355935	0.4976284005609435	0	0	0	0	0
TAACTCATCCGCGCGG-1	0_0	1	43	49	1.0	0.0	0.0363602470193846	0.4976284005609435	0	0	0	0	0
GGGCCCGTCTTAAACA-1	0_0	1	42	52	1.0	0.0	0.0363602470193846	0.4976284005609435	0	0	0	0	0
GGAGACGACACCTTTG-1	2_0	1	43	67	1.0	0.0	0.0	0.4998657768292399	0	0	0	0	0
ACTTGACTCCCTCTTT-1	2_0	1	42	72	1.0	0.0	0.0	0.4998657768292399	0	0	0	0	0
CACGCGGAACTGTTGC-1	6_0	1	42	98	1.0	0.0	0.0	0.4998657768292399	0	0	0	0	0
GCTCCCAGTCGGTCCA-1	2_0	1	43	109	1.0	0.0	0.0	0.4998657768292399	0	0	0	0	0
CTTTGACGTCGCTTCT-1	1_0	1	44	0	1.0	0.0	0.116127397403905	0.4947738048721673	0	0	0	0	0
GCTATGCCAGCTTATG-1	1_0	1	44	2	3.0	0.0	0.075990994228783	0.4843617480468898	0	0	0	0	0
ACGTCTCGTTCCGGGA-1	1_0	1	44	6	1.0	0.0	0.0789689430742238	0.4947738048721673	0	0	0	0	0
TGCGAATATGGGATTT-1	1_0	1	45	13	1.0	0.0	0.116127397403905	0.4947738048721673	0	0	0	0	0
CTATGTGAGTCACGGC-1	1_0	1	45	17	7.0	0.0	0.070318916991132	0.46349825646737	0	0	0	0	0
CCGAACACTGGGCCTC-1	1_0	1	44	18	1.0	0.0	0.116127397403905	0.4947738048721673	0	0	0	0	0
AAACTTGCAAACGTAT-1	5_0	1	45	19	17.0	0.0	0.1353013915399721	0.4346413148452311	0	0	0	0	0
AGGGCGAGCAGCTGAT-1	5_0	1	44	20	49.0	0.0	0.1306019568126845	0.319237998867844	0	0	0	0	0
AACACGAGACGCGGCC-1	5_0	1	45	21	110.0	0.0	0.1349124936198738	0.1543626236706649	0	0	0	0	0
TGACGAATATTTCCCT-1	5_0	1	44	22	20.0	0.0	0.1299859793397714	0.4233232578592926	0	0	0	0	0
TCGGAGAGTATCGGGA-1	5_0	1	45	23	9.0	0.0	0.0778607801200475	0.4652305508200694	0	0	0	0	0
CAAATCTCTCACAAGG-1	0_0	1	44	24	1.0	0.0	0.0540507408493374	0.4976513548651566	0	0	0	0	0
AGGCCCTAGAACGCCA-1	5_0	1	45	25	15.0	0.0	0.1817925089756004	0.442262924362555	0	0	0	0	0
TAGAGATCATGCAACT-1	0_0	1	44	26	1.0	0.0	0.054046046390769	0.4976284005609435	0	0	0	0	0
TTGTTTCCATACAACT-1	0_0	1	45	27	2.0	0.0	0.0535630967463001	0.4952569078316692	0	0	0	0	0
GTGGACCAACCCGATT-1	0_0	1	45	29	1.0	0.0	0.054046046390769	0.4976284005609435	0	0	0	0	0
GGTTACCACCCTCGGG-1	0_0	1	45	33	1.0	0.0	0.0363602470193846	0.4976284005609435	0	0	0	0	0
ATCAGACGGCACGCCG-1	0_0	1	44	42	1.0	0.0	0.0363602470193846	0.4976284005609435	0	0	0	0	0
GATACGATGGGAGTCA-1	0_0	1	45	45	1.0	0.0	0.0540507408493374	0.4976513548651566	0	0	0	0	0
CTAAAGGGAAATAGGA-1	3_0	1	44	62	1.0	0.0	0.0434762401545309	0.4971629941100144	0	0	0	0	0
CCGCTATCAGCACCAG-1	3_0	1	45	63	1.0	0.0	0.0434812121932736	0.4971928815854768	0	0	0	0	0
GATCTTGGAGGGCATA-1	2_0	1	44	70	1.0	0.0	0.0	0.4998657768292399	0	0	0	0	0
ACAAATGGTAGTGTTT-1	2_0	1	44	84	1.0	0.0	0.0	0.4998657768292399	0	0	0	0	0
CAAGATATTATAACGT-1	6_0	1	45	89	1.0	0.0	0.0	0.4998657768292399	0	0	0	0	0
TCTAGTGATATCGTGG-1	6_0	1	44	98	1.0	0.0	0.0	0.4998657768292399	0	0	0	0	0
AAGTGCCTTGACTGTA-1	6_0	1	44	104	1.0	0.0	0.0	0.4998657768292399	0	0	0	0	0
CAAACTCGCGACGCCG-1	2_0	1	45	111	1.0	0.0	0.0	0.4998657768292399	0	0	0	0	0
GAGTCTTGTAAAGGAC-1	1_0	1	47	1	1.0	0.0	0.116127397403905	0.4947738048721673	0	0	0	0	0
ACAAAGAAGGTAGGCC-1	1_0	1	46	4	1.0	0.0	0.116127397403905	0.4947738048721673	0	0	0	0	0
GCCAAGAATACTTCTG-1	1_0	1	46	10	2.0	0.0	0.0774617445289335	0.4895487515689573	0	0	0	0	0
TTCCCGGCGCCAATAG-1	1_0	1	46	12	2.0	0.0	0.0774617445289335	0.4895487515689573	0	0	0	0	0
CGAACGGCCGGACAAC-1	0_0	1	47	15	1.0	0.0	0.054046046390769	0.4976284005609435	0	0	0	0	0
GCAACACACTAGAACT-1	5_0	1	46	16	4.0	0.0	0.0564930815841341	0.484526872563251	0	0	0	0	0
ACTCCCATTCCTAAAG-1	0_0	1	47	17	2.0	0.0	0.0360293164348405	0.4952569078316692	0	0	0	0	0
ACCTGCGTGTCATGTT-1	5_0	1	46	18	4.0	0.0	0.0564930815841341	0.484526872563251	0	0	0	0	0
TACTTTCCGCACGCCA-1	5_0	1	47	19	2.0	0.0	0.0581659271005866	0.492261583124082	0	0	0	0	0
AGGTCAGGTGAGAGTG-1	5_0	1	46	20	13.0	0.0	0.1427061265528164	0.4499045500478232	0	0	0	0	0
TCCTCCTAAGACATTC-1	5_0	1	47	21	51.0	0.0	0.0988924585958497	0.3126499030021128	0	0	0	0	0
ATGTGAAAGCCTAATG-1	5_0	1	46	22	14.0	0.0	0.1185076713521349	0.4460841831634843	0	0	0	0	0
AGTCGGCTCAACTTTA-1	5_0	1	47	23	23.0	0.0	0.1247919639069935	0.4119580904466042	0	0	0	0	0
CGATCTGTTGGAGGAC-1	5_0	1	46	24	24.0	0.0	0.1231775273303432	0.4083619901095919	0	0	0	0	0
ACGGGAGTGTCGGCCC-1	5_0	1	47	25	91.0	0.0109890109890109	0.9811598204530634	0.9869184037296562	1	1	1	1	1
TTAACTTCAGGTAGGA-1	5_0	1	46	26	73.0	0.0	0.1377700002000065	0.2444320809238652	0	0	0	0	0
CCACGGAGCCATAAGA-1	5_0	1	47	27	76.0	0.0131578947368421	0.9809348997506788	0.9895993839043468	1	1	1	1	1
CTTCTATGTTGAAGTA-1	5_0	1	46	28	3.0	0.0	0.0848077762725039	0.4884331484069951	0	0	0	0	0
CACCGTTGCGCGATAT-1	5_0	1	47	29	2.0	0.0	0.0860043952163945	0.492261583124082	0	0	0	0	0
TCTAGCAATCTCCGCC-1	0_0	1	46	30	1.0	0.0	0.0363602470193846	0.4976284005609435	0	0	0	0	0
TTGTAAGGACCTAAGT-1	0_0	1	46	32	1.0	0.0	0.0363650769255297	0.4976628593318962	0	0	0	0	0
AAATTTGCGGGTGTGG-1	0_0	1	47	33	1.0	0.0	0.0363602470193846	0.4976284005609435	0	0	0	0	0
AAGTTCGGCCAACAGG-1	0_0	1	46	34	4.0	0.0	0.0353761329410125	0.4905146692263747	0	0	0	0	0
TTCTTGAGCCGCGCTA-1	0_0	1	47	41	1.0	0.0	0.0363602470193846	0.4976284005609435	0	0	0	0	0
AGTGCGTAGCTCGTAA-1	0_0	1	46	42	1.0	0.0	0.0363602470193846	0.4976284005609435	0	0	0	0	0
CGGAACGTAAACATAG-1	0_0	1	47	45	1.0	0.0	0.054046046390769	0.4976284005609435	0	0	0	0	0
TGCGACACCCTAGTGC-1	0_0	1	46	46	3.0	0.0	0.0701622039041451	0.4928856285027545	0	0	0	0	0
CTGAATCCGAGACCTC-1	0_0	1	47	53	2.0	0.0	0.0181784448631356	0.4952798605916649	0	0	0	0	0
GGGTGACACCTTAACT-1	3_0	1	46	56	2.0	0.0	0.0430067528492052	0.4943261708856079	0	0	0	0	0
GTCGTACCATCTCGGG-1	3_0	1	46	62	1.0	0.0	0.0434762401545309	0.4971629941100144	0	0	0	0	0
ATAATAGCTGTTGAAT-1	3_0	1	47	63	1.0	0.0	0.0645079425644496	0.4971629941100144	0	0	0	0	0
TCGCAAAGATGCATTT-1	2_0	1	47	75	2.0	0.0	0.0	0.4997315536778249	0	0	0	0	0
CTCTTCTATTGACTGG-1	2_0	1	46	100	1.0	0.0	0.0	0.4998657768292399	0	0	0	0	0
TTGACTATTGTCCGGC-1	6_0	1	46	104	1.0	0.0	0.0	0.4998657768292399	0	0	0	0	0
CGGGAATATAGTATAC-1	2_0	1	47	105	1.0	0.0	0.0	0.4998657768292399	0	0	0	0	0
GCAACAGCAGTATGCG-1	2_0	1	46	106	1.0	0.0	0.0	0.4998657768292399	0	0	0	0	0
GCACAAACGAGGCGTG-1	2_0	1	46	114	1.0	0.0	0.0	0.4998657768292399	0	0	0	0	0
TATGACCTTGCGCTGG-1	1_0	1	48	0	1.0	0.0	0.116127397403905	0.4947738048721673	0	0	0	0	0
ATATACATGTATGGTA-1	1_0	1	49	1	2.0	0.0	0.1491411560442865	0.4895487515689573	0	0	0	0	0
TGTGTGACCATGAATC-1	1_0	1	48	2	3.0	0.0	0.1798445039081395	0.4843438644620678	0	0	0	0	0
GGGCAGACGTCACTGC-1	1_0	1	48	4	1.0	0.0	0.0789689430742238	0.4947738048721673	0	0	0	0	0
CGACCCTTAACGCCGG-1	1_0	1	48	12	1.0	0.0	0.0789689430742238	0.4947738048721673	0	0	0	0	0
TCGGCGTACTGCACAA-1	1_0	1	49	13	1.0	0.0	0.0789689430742238	0.4947738048721673	0	0	0	0	0
ATCAGCTCGTCCACTA-1	1_0	1	49	15	1.0	0.0	0.0789689430742238	0.4947738048721673	0	0	0	0	0
AGGATCACGCGATCTG-1	0_0	1	48	16	1.0	0.0	0.0363602470193846	0.4976284005609435	0	0	0	0	0
AAATGGCCCGTGCCCT-1	5_0	1	49	17	3.0	0.0	0.0573237734775054	0.4883935331037776	0	0	0	0	0
CAGTACCAGTTTACGT-1	0_0	1	48	18	1.0	0.0	0.0363602470193846	0.4976284005609435	0	0	0	0	0
GGTCGTAAGCTCGCAC-1	5_0	1	49	19	1.0	0.0	0.0590267437718857	0.49616236158646	0	0	0	0	0
CGTTCATGGTGCGCGT-1	5_0	1	48	20	8.0	0.0	0.0532882508468296	0.4691129904821971	0	0	0	0	0
GACTACAAAGCGGTGG-1	5_0	1	49	21	15.0	0.0666666666666666	0.9698081033940662	0.9959241731285688	1	1	1	1	1
CAGCTGGCGTAACCGT-1	5_0	1	48	22	20.0	0.0	0.1091910013417422	0.4233837929215773	0	0	0	0	0
ACTCGTAACCCGTCCT-1	5_0	1	49	23	59.0	0.0	0.1397326306495968	0.2865345015321447	0	0	0	0	0
CATATGTCAGGCTACG-1	5_0	1	48	24	76.0	0.0263157894736842	0.9999239782823656	0.9999659038284804	2	1	1	1	1
GCCCGACTTCTTCCCG-1	5_0	1	49	25	106.0	0.0	0.1423618321475049	0.162683958629058	0	0	0	0	0
CTGGCATCCGAATGAG-1	5_0	1	48	26	125.0	0.0	0.116782852502851	0.1265644130070337	0	0	0	0	0
AAGTGCGTTAGAATCT-1	5_0	1	49	27	102.0	0.0098039215686274	0.97774372456602	0.9845299893944058	1	1	1	1	1
AGAAGTGATTCGTGAT-1	5_0	1	48	28	20.0	0.05	0.9787445303321746	0.9955993530386024	1	1	1	1	1
TACCTTAAGATTTCCC-1	5_0	1	49	29	6.0	0.0	0.1069900415062812	0.4768193431963062	0	0	0	0	0
TCAACGCAGGAAATAA-1	0_0	1	49	31	5.0	0.0	0.052143106139915	0.4881670785314925	0	0	0	0	0
TATTCCTCCGCCCACT-1	0_0	1	48	32	2.0	0.0	0.0360368776681152	0.4953113242929974	0	0	0	0	0
TTGATTAGCTGTTTCT-1	0_0	1	48	34	1.0	0.0	0.0363602470193846	0.4976284005609435	0	0	0	0	0
CACGTCGGCAACCTCT-1	0_0	1	49	37	1.0	0.0	0.0363602470193846	0.4976284005609435	0	0	0	0	0
GTATTCTGAGAAACGA-1	0_0	1	48	38	1.0	0.0	0.0363602470193846	0.4976284005609435	0	0	0	0	0
GCCCGCGCGTAAACGG-1	0_0	1	49	41	1.0	0.0	0.054046046390769	0.4976284005609435	0	0	0	0	0
AACGTACTGTGGGTAC-1	0_0	1	48	42	1.0	0.0	0.0363650769255297	0.4976628593318962	0	0	0	0	0
TGATTCTGTCGCCGGT-1	0_0	1	48	44	1.0	0.0	0.0363602470193846	0.4976284005609435	0	0	0	0	0
GGGCGGCAAATGAATT-1	0_0	1	49	45	1.0	0.0	0.0363602470193846	0.4976284005609435	0	0	0	0	0
TTCCAATCTGGCTATC-1	0_0	1	48	46	1.0	0.0	0.0363634643361498	0.4976513548651566	0	0	0	0	0
GGAACCGTGTAAATTG-1	0_0	1	49	47	1.0	0.0	0.0363602470193846	0.4976284005609435	0	0	0	0	0
GGGCGTCACCACGTAA-1	0_0	1	48	50	1.0	0.0	0.0363602470193846	0.4976284005609435	0	0	0	0	0
TTGGATATCGTCTACG-1	0_0	1	48	52	1.0	0.0	0.0363602470193846	0.4976284005609435	0	0	0	0	0
GTTATATTATCTCCCT-1	3_0	1	48	56	1.0	0.0	0.0434762401545309	0.4971629941100144	0	0	0	0	0
GGTCAGTGGGTCCCAC-1	3_0	1	48	62	1.0	0.0	0.0434762401545309	0.4971629941100144	0	0	0	0	0
TCTAGCATGCCCAGAA-1	3_0	1	48	66	1.0	0.0	0.0645079425644496	0.4971629941100144	0	0	0	0	0
TTCTGCCGCGCCTAGA-1	2_0	1	49	69	1.0	0.0	0.0	0.4998657768292399	0	0	0	0	0
ACTCCCTAGAATAGTA-1	2_0	1	48	70	1.0	0.0	0.0	0.4998657768292399	0	0	0	0	0
TTACTAAAGGACTTTA-1	2_0	1	48	78	1.0	0.0	0.0	0.4998657768292399	0	0	0	0	0
TTAGACGAGTCACCTC-1	2_0	1	48	80	1.0	0.0	0.0	0.4998657768292399	0	0	0	0	0
ACCCTCCCTTGCTATT-1	2_0	1	48	84	2.0	0.0	0.0	0.4997315536778249	0	0	0	0	0
CCTAACCCAAACAAGT-1	2_0	1	49	89	2.0	0.0	0.0	0.4997315536778249	0	0	0	0	0
CGGGAGCTTCAGTGTA-1	2_0	1	49	91	1.0	0.0	0.0	0.4998657768292399	0	0	0	0	0
AGGCATTGTCGTAGGG-1	2_0	1	49	99	1.0	0.0	0.0	0.4998657768292399	0	0	0	0	0
CCCGAGTTTCTCCGTA-1	2_0	1	48	108	1.0	0.0	0.0	0.4998657768292399	0	0	0	0	0
TTAGAGGGATATACAG-1	1_0	1	50	0	1.0	0.0	0.116127397403905	0.4947738048721673	0	0	0	0	0
AGCGGCGGTTAGCGGT-1	1_0	1	50	12	1.0	0.0	0.0789689430742238	0.4947738048721673	0	0	0	0	0
CTGGACGCAGTCCGGC-1	5_0	1	51	13	4.0	0.0	0.0564930815841341	0.484526872563251	0	0	0	0	0
AGCCTAATACCCACGT-1	5_0	1	50	14	2.0	0.0	0.0581659271005866	0.492261583124082	0	0	0	0	0
AATCTGGCTTTCTAGT-1	5_0	1	51	15	3.0	0.0	0.0848123393327959	0.4884478378534491	0	0	0	0	0
CACCCTTGGTGAGACC-1	5_0	1	50	16	4.0	0.0	0.0565057590858112	0.4845862707256361	0	0	0	0	0
GGATCTTGACTCAACC-1	5_0	1	51	17	24.0	0.0	0.1032983117855963	0.408306985163857	0	0	0	0	0
ACGAGGATACCACTCT-1	5_0	1	50	18	5.0	0.0	0.0824237870325302	0.4806620636274258	0	0	0	0	0
GAGTTGATGGCAATTT-1	5_0	1	51	19	7.0	0.0	0.1544386014686851	0.4729596047093912	0	0	0	0	0
GTGGCAAACAGCGGCA-1	5_0	1	50	20	7.0	0.1428571428571428	0.9462753091143454	0.9963964799826286	1	1	1	1	1
GATGTAACGAACCACC-1	5_0	1	51	21	19.0	0.0526315789473684	0.9679440555345088	0.9956653247094688	1	1	1	1	1
AGCCGTGGCTAAATGT-1	5_0	1	50	22	21.0	0.0476190476190476	0.9784186727024348	0.9955307088705032	1	1	1	1	1
CTCCCTCCTTTCGATC-1	5_0	1	51	23	18.0	0.1111111111111111	0.9999166536467976	0.9999860853711592	2	1	1	1	1
TTGGAAGAATACAGTC-1	5_0	1	50	24	127.0	0.0236220472440944	0.9999996470129914	0.9999997563350956	3	1	1	1	1
AGTTAAGTCAACCGCT-1	5_0	1	51	25	54.0	0.0	0.1220534515333295	0.3026404577939471	0	0	0	0	0
CTCATGGTAATTTGCG-1	5_0	1	50	26	201.0	0.1243781094527363	1.0	1.0	25	1	1	1	1
AAAGTAGCATTGCTCA-1	5_0	1	51	27	37.0	0.0	0.1858994407556868	0.3608583243448734	0	0	0	0	0
TTGTGGTAGGAGGGAT-1	5_0	1	50	28	11.0	0.0909090909090909	0.9774767001861776	0.9961681093494256	1	1	1	1	1
AGTCGTGGGCATTACG-1	0_0	1	51	29	2.0	0.0	0.0360293164348405	0.4952569078316692	0	0	0	0	0
ACCTAAGTACCTTTCA-1	0_0	1	50	30	2.0	0.0	0.0535630967463001	0.4952569078316692	0	0	0	0	0
GATCCTCGACACTGGC-1	0_0	1	50	32	1.0	0.0	0.0183468816644157	0.4976284005609435	0	0	0	0	0
TAATAGAACAGAGTTA-1	0_0	1	50	38	1.0	0.0	0.0363602470193846	0.4976284005609435	0	0	0	0	0
TGCGAGAATATTACCC-1	0_0	1	50	40	1.0	0.0	0.054046046390769	0.4976284005609435	0	0	0	0	0
TTGCGTCGGCCAACCG-1	0_0	1	51	41	1.0	0.0	0.0363602470193846	0.4976284005609435	0	0	0	0	0
AGGCTTCCCGAAGAAG-1	0_0	1	50	42	3.0	0.0	0.0357012862073018	0.4928856285027545	0	0	0	0	0
GTAATCTGATTCTTCG-1	0_0	1	50	44	1.0	0.0	0.054046046390769	0.4976284005609435	0	0	0	0	0
CATTTGAGTGGTACGT-1	0_0	1	50	48	1.0	0.0	0.0363634643361498	0.4976513548651566	0	0	0	0	0
TCACAGCAAACTCGAA-1	0_0	1	51	49	1.0	0.0	0.0363602470193846	0.4976284005609435	0	0	0	0	0
CAGACGAACCTGATAC-1	0_0	1	50	50	1.0	0.0	0.0363602470193846	0.4976284005609435	0	0	0	0	0
ACATTAGTTTATATCC-1	2_0	1	51	61	1.0	0.0	0.0	0.4998657768292399	0	0	0	0	0
GTAGCCAAACATGGGA-1	2_0	1	50	70	1.0	0.0	0.0	0.4998657768292399	0	0	0	0	0
TGGTTCAACGGGTAAT-1	2_0	1	50	74	1.0	0.0	0.0	0.4998657768292399	0	0	0	0	0
GCAGATCCATAAGACT-1	2_0	1	51	85	1.0	0.0	0.0	0.4998657768292399	0	0	0	0	0
TTATCCGGGATCTATA-1	2_0	1	51	87	1.0	0.0	0.0	0.4998657768292399	0	0	0	0	0
CCAAATAACAAGATTC-1	0_0	1	51	113	2.0	0.0	0.0360293164348405	0.4952569078316692	0	0	0	0	0
CTCCCAATGAGTCGCG-1	0_0	1	51	115	1.0	0.0	0.0363602470193846	0.4976284005609435	0	0	0	0	0
GAGTAAACCGGAAAGT-1	3_1	1	51	117	1.0	0.0	0.0	0.4998657768292399	0	0	0	0	0
CCCAGTAAACTTGGGA-1	5_0	1	52	12	6.0	0.0	0.0812755235206467	0.4768490303610272	0	0	0	0	0
AGATTCACAACCGATA-1	5_0	1	53	13	7.0	0.0	0.1302929120342554	0.4729669318733796	0	0	0	0	0
AGAAGGTACACTTCAC-1	5_0	1	52	14	8.0	0.0	0.1040681747122154	0.4691030956631737	0	0	0	0	0
GCAGGAACTTAGATCT-1	5_0	1	53	15	10.0	0.0	0.1012170589487761	0.4614015932421668	0	0	0	0	0
AATCTAGGTTTACTTG-1	5_0	1	52	16	7.0	0.0	0.1055127061221082	0.47293984442086	0	0	0	0	0
CCCGGTGTATCGGAAT-1	5_0	1	53	17	15.0	0.0666666666666666	0.9760689218874375	0.995923731998966	1	1	1	1	1
TTATCCTCAAGGAATA-1	5_0	1	52	18	86.0	0.0116279069767441	0.9896692476857986	0.99388851262262	1	1	1	1	1
AGCATCATTTCGAAAG-1	5_0	1	53	19	13.0	0.0769230769230769	0.9903223237173756	0.9980149924955332	1	1	1	1	1
CGCGAGTCTGCCGGGT-1	5_0	1	52	20	9.0	0.0	0.1268338102429608	0.465277309160105	0	0	0	0	0
TGCGTCATGACTGAGC-1	5_0	1	53	21	2.0	0.0	0.0581659271005866	0.492261583124082	0	0	0	0	0
GTATGAAATTTCACTC-1	5_0	1	52	22	8.0	0.0	0.0789988081708305	0.4691499017620698	0	0	0	0	0
TTGGTTGCGGTGCGCG-1	5_0	1	53	23	2.0	0.0	0.0581659271005866	0.492261583124082	0	0	0	0	0
ACAGAACTGAGAACAA-1	5_0	1	52	24	7.0	0.0	0.130298564212166	0.472979365082638	0	0	0	0	0
CTACTATCATAGGTTT-1	5_0	1	53	25	9.0	0.0	0.10264385791763	0.465277309160105	0	0	0	0	0
CCTCTATCGATTAGCA-1	5_0	1	52	26	16.0	0.125	0.9999337304102224	0.9999865113721956	2	1	1	1	1
CCGTATCTCGTCGTAG-1	5_0	1	53	27	11.0	0.0	0.1465390579829654	0.4575844802569121	0	0	0	0	0
TCACGATGTCCGTGGA-1	5_0	1	52	28	2.0	0.0	0.0860043952163945	0.492261583124082	0	0	0	0	0
ATTTGCGCGAGTAGCT-1	0_0	1	53	31	1.0	0.0	0.0363602470193846	0.4976284005609435	0	0	0	0	0
AATAACACTAGAACAA-1	0_0	1	52	38	2.0	0.0	0.0360325055643153	0.4952798605916649	0	0	0	0	0
GCTAGCTTGAATAGCT-1	0_0	1	52	44	2.0	0.0	0.0360293164348405	0.4952569078316692	0	0	0	0	0
TTGCGGCATCAGAAAG-1	0_0	1	53	45	1.0	0.0	0.054046046390769	0.4976284005609435	0	0	0	0	0
AATAGAACAGAGTGGC-1	0_0	1	52	46	1.0	0.0	0.0363602470193846	0.4976284005609435	0	0	0	0	0
GCCATCGAGCTGCGTG-1	0_0	1	53	47	1.0	0.0	0.0363646573904173	0.4976598663493025	0	0	0	0	0
GACATCGATTTATAAC-1	0_0	1	52	50	1.0	0.0	0.0363646573904173	0.4976598663493025	0	0	0	0	0
CCAAGAAAGTGGGCGA-1	0_0	1	52	52	2.0	0.5	0.8745692216368862	0.9945665482559876	1	1	1	1	1
TCGTTAGGAGTCCCTA-1	0_0	1	52	54	1.0	0.0	0.0363602470193846	0.4976284005609435	0	0	0	0	0
CTAGTTACAACCCGGT-1	3_0	1	53	67	1.0	0.0	0.0434762401545309	0.4971629941100144	0	0	0	0	0
TGGTCCCACGCTACGG-1	2_0	1	52	74	1.0	0.0	0.0	0.4998657768292399	0	0	0	0	0
TCCGTTAAGCTAATAT-1	2_0	1	52	100	1.0	0.0	0.0	0.4998657768292399	0	0	0	0	0
CACCGTATCCCATCCG-1	2_0	1	52	104	1.0	0.0	0.0	0.4998657768292399	0	0	0	0	0
CCGCCGGAACTTCTCG-1	5_0	1	54	12	10.0	0.0	0.1012242708293156	0.4614212934924204	0	0	0	0	0
GCCATTAGCCTCAAAC-1	5_0	1	55	13	31.0	0.032258064516129	0.97489926884892	0.994787005142818	1	1	1	1	1
GTTAGGCTACCCGTTT-1	5_0	1	54	14	20.0	0.0	0.1903444080977728	0.4232605038485473	0	0	0	0	0
GGGTATTCTAGCAAAC-1	5_0	1	55	15	149.0	0.0067114093959731	0.9550580931250038	0.9685389643240138	1	1	1	1	1
GCCCTAGCCGTCGCGA-1	5_0	1	54	16	22.0	0.0	0.1465334239682607	0.4157558130146917	0	0	0	0	0
CAGATCCTGGTTTGAA-1	5_0	1	55	17	51.0	0.0	0.1553338883430435	0.3125709364159031	0	0	0	0	0
CTTCAGTGGTCGCCTA-1	5_0	1	54	18	6.0	0.0	0.0812784761809899	0.4768588947360271	0	0	0	0	0
GGGCAACCGCACGTGC-1	5_0	1	55	19	28.0	0.0357142857142857	0.994818473434832	0.998744910441002	1	1	1	1	1
GACCCAATTATGATAC-1	5_0	1	54	20	3.0	0.0	0.0847954714411818	0.4883935331037776	0	0	0	0	0
GAAGCTCGGACCCGTC-1	5_0	1	55	21	4.0	0.0	0.083610312300182	0.4845540135369685	0	0	0	0	0
CGTCGGGTCTAAGCGC-1	5_0	1	54	22	1.0	0.0	0.0590196783421233	0.4961305598341076	0	0	0	0	0
GAGGCCCGACTCCGCA-1	5_0	1	55	23	2.0	0.0	0.0581659271005866	0.492261583124082	0	0	0	0	0
TTGCCATAGCCCGCTC-1	5_0	1	54	24	1.0	0.0	0.0872289118080058	0.4961305598341076	0	0	0	0	0
TAACATACACGCGATC-1	5_0	1	55	25	13.0	0.0	0.1201477899683273	0.4499437890669372	0	0	0	0	0
CCGACGGGCATGAGGT-1	5_0	1	54	26	4.0	0.0	0.1099761137566567	0.484526872563251	0	0	0	0	0
AATGTGCCCGAGGTGT-1	5_0	1	55	27	35.0	0.0	0.1739287083607164	0.3679045066210875	0	0	0	0	0
AGCTGTAACCTCAATC-1	5_0	1	54	28	16.0	0.0	0.158564676216401	0.4385338000762253	0	0	0	0	0
CGAGTGAAGGTACCAG-1	5_0	1	55	29	16.0	0.0	0.1585329484547287	0.4384752445546414	0	0	0	0	0
AGTCTCACAAGACTAC-1	5_0	1	54	30	2.0	0.0	0.0860043952163945	0.492261583124082	0	0	0	0	0
AAATTGATAGTCCTTT-1	0_0	1	55	31	3.0	0.0	0.0357076088155921	0.4929315288991943	0	0	0	0	0
TAAACCCAGGAGGGCA-1	0_0	1	54	36	1.0	0.0	0.0363650769255297	0.4976628593318962	0	0	0	0	0
GTGGAGTCGGCGGTTG-1	0_0	1	54	38	1.0	0.0	0.0183468816644157	0.4976284005609435	0	0	0	0	0
CGTTTGTGTAGAGGGT-1	0_0	1	55	41	1.0	0.0	0.0363602470193846	0.4976284005609435	0	0	0	0	0
GGGTTAACATTTGAGT-1	0_0	1	54	50	1.0	0.0	0.0363602470193846	0.4976284005609435	0	0	0	0	0
GACGCCGTAAAGGCTA-1	0_0	1	54	54	2.0	0.0	0.0360293164348405	0.4952569078316692	0	0	0	0	0
AACTAGGCTTGGGTGT-1	0_0	1	55	61	1.0	0.0	0.0183468816644157	0.4976284005609435	0	0	0	0	0
CTTTCTGTGCGGGCTT-1	3_0	1	54	66	1.0	0.0	0.0434762401545309	0.4971629941100144	0	0	0	0	0
CCATTTCTACCTATTA-1	3_0	1	55	71	1.0	0.0	0.0434798672051271	0.4971847970326933	0	0	0	0	0
GTTAACATCACTTAAA-1	3_0	1	55	73	1.0	0.0	0.0645079425644496	0.4971629941100144	0	0	0	0	0
TATCCAATTGGTTATC-1	2_0	1	55	79	1.0	0.0	0.0	0.4998657768292399	0	0	0	0	0
TATTCCGAGCTGTTAT-1	3_1	1	54	86	1.0	0.0	0.0	0.4998657768292399	0	0	0	0	0
CACGTTTCGTACACAC-1	2_0	1	55	91	1.0	0.0	0.0	0.4998657768292399	0	0	0	0	0
AACGCTGTTGCTGAAA-1	2_0	1	54	94	1.0	0.0	0.0	0.4998657768292399	0	0	0	0	0
TTCAGCTGGCGTGCCC-1	2_0	1	55	95	1.0	0.0	0.0	0.4998657768292399	0	0	0	0	0
TAGAGGTTCTACTTGT-1	2_0	1	54	96	1.0	0.0	0.0	0.4998657768292399	0	0	0	0	0
AGTCACTAGCTCTCGA-1	3_1	1	55	99	1.0	0.0	0.0	0.4998657768292399	0	0	0	0	0
TGGGCAGGCCACCGCA-1	0_0	1	54	116	1.0	0.0	0.054046046390769	0.4976284005609435	0	0	0	0	0
CTCCTGTTCAAGGCAG-1	0_0	1	55	117	1.0	0.0	0.0714192687221117	0.4976628593318962	0	0	0	0	0
CATACACAAAGTCAGC-1	1_0	1	56	0	1.0	0.0	0.0789689430742238	0.4947738048721673	0	0	0	0	0
ACGAGGTTTACAACGT-1	5_0	1	57	13	61.0	0.0	0.0734670020017375	0.2803600486100203	0	0	0	0	0
AACCCATCCCATGATC-1	5_0	1	56	14	72.0	0.0	0.1284457730852361	0.2473314925504908	0	0	0	0	0
TCGACAACTGAACCCG-1	5_0	1	57	15	108.0	0.0	0.0637901803865819	0.1585012786480293	0	0	0	0	0
TATCTTGCAATACAAC-1	5_0	1	56	16	409.0	0.0122249388753056	0.9999999998305492	0.999999999802775	5	1	1	1	1
TATTATGTTTGCCTGC-1	5_0	1	57	17	240.0	0.0041666666666666	0.8799262616563652	0.8828448011223411	1	1	1	1	1
GTCAAAGAAGTGGTGT-1	5_0	1	56	18	453.0	0.0044150110375275	0.9902572589938672	0.9886784312075868	2	1	1	1	1
GGGACAGAGTTACTCC-1	5_0	1	57	19	28.0	0.0	0.1900600303959271	0.393457523730482	0	0	0	0	0
AGCAACCGAAAGTAAT-1	5_0	1	56	20	30.0	0.0	0.1134543006605966	0.3860383849472095	0	0	0	0	0
CTCTCTAACTGCCTAG-1	5_0	1	57	21	30.0	0.0	0.1498007490555505	0.3860615697838483	0	0	0	0	0
ATACGGAACGTCGTTT-1	5_0	1	56	22	9.0	0.0	0.1026375084503415	0.4652601581056004	0	0	0	0	0
TCGGTCCCGACAATAG-1	5_0	1	57	23	23.0	0.0	0.1641635862969099	0.4120971410331502	0	0	0	0	0
CGCGCAAATGTCCAGA-1	5_0	1	56	24	15.0	0.0	0.1168808990500754	0.4422165661408572	0	0	0	0	0
TCTAATACTGCCTCAG-1	5_0	1	57	25	40.0	0.0	0.181146922217185	0.3535755941017215	0	0	0	0	0
CTCGGTTGTCGGCCCT-1	5_0	1	56	26	36.0	0.0	0.121466380901022	0.3642917330206064	0	0	0	0	0
GGTAACCGGGAGGATA-1	5_0	1	57	27	15.0	0.0	0.1389843702519437	0.4423045824583791	0	0	0	0	0
CAGGCGCACGGTGGTC-1	5_0	1	56	28	86.0	0.0	0.1446004623203103	0.2092274313894764	0	0	0	0	0
TCATCGATGGTCCCAA-1	5_0	1	57	29	14.0	0.0	0.1185128819466759	0.4460965078469376	0	0	0	0	0
CAAAGATTATTGGGCC-1	5_0	1	56	30	2.0	0.0	0.0860043952163945	0.492261583124082	0	0	0	0	0
ACAATGAATACGGAGA-1	5_0	1	57	31	4.0	0.0	0.0836080601241252	0.4845466719022236	0	0	0	0	0
GATGACAAGTAGGGCA-1	5_0	1	57	33	3.0	0.0	0.0573237734775054	0.4883935331037776	0	0	0	0	0
AAGCGTCCCTCATCGA-1	0_0	1	57	35	2.0	0.0	0.0181768061464439	0.4952569078316692	0	0	0	0	0
GTGGTATAGTCTGCCG-1	0_0	1	57	41	1.0	0.0	0.054046046390769	0.4976284005609435	0	0	0	0	0
TATTAACCTGACCGCG-1	0_0	1	57	45	1.0	0.0	0.0363602470193846	0.4976284005609435	0	0	0	0	0
AGCGCATAATGAATCG-1	0_0	1	57	55	2.0	0.0	0.0535677516312026	0.4952798605916649	0	0	0	0	0
AATAGTCCGTCCCGAC-1	0_0	1	57	57	1.0	0.0	0.0363602470193846	0.4976284005609435	0	0	0	0	0
TGCTCGGCGAAACCCA-1	0_0	1	57	61	1.0	0.0	0.0363646573904173	0.4976598663493025	0	0	0	0	0
GAACAGATTACTAAAT-1	0_0	1	57	71	1.0	0.0	0.0363602470193846	0.4976284005609435	0	0	0	0	0
CGTCGTCCTTCGCGAA-1	2_0	1	56	76	1.0	0.0	0.0	0.4998657768292399	0	0	0	0	0
ACGGATGGTGCGGATA-1	2_0	1	57	79	1.0	0.0	0.0	0.4998657768292399	0	0	0	0	0
TTGTGAACCTAATCCG-1	3_1	1	56	90	1.0	0.0	0.0	0.4998657768292399	0	0	0	0	0
GTAACATCTAAGATAA-1	0_0	1	56	110	1.0	0.0	0.0363602470193846	0.4976284005609435	0	0	0	0	0
GACAAGAGATGAGATT-1	0_0	1	56	116	3.0	0.0	0.0701681943805141	0.4929085786860309	0	0	0	0	0
GTGGAGCGTTTACCGA-1	5_0	1	58	16	15.0	0.0	0.1169054489601925	0.4422752277673739	0	0	0	0	0
AGGCGGTTTGTCCCGC-1	5_0	1	59	17	103.0	0.0194174757281553	0.999904246387542	0.9999482184545058	2	1	1	1	1
TCCCTGGCGTATTAAC-1	5_0	1	58	18	55.0	0.0	0.1338727838038384	0.2993650410244339	0	0	0	0	0
AAACACCAATAACTGC-1	5_0	1	59	19	9.0	0.0	0.1268217761008596	0.4652502733340163	0	0	0	0	0
TGGACGCAATCCAGCC-1	5_0	1	58	20	75.0	0.0	0.112587680980054	0.2387872087791105	0	0	0	0	0
GTATCTCAGTCTTGAC-1	5_0	1	58	22	15.0	0.0	0.0943907706125965	0.442236119837304	0	0	0	0	0
AGATGCAAGACGTGCA-1	5_0	1	58	24	40.0	0.05	0.9999302590124408	0.9999804578920004	2	1	1	1	1
AGTATGCTGGAGACCA-1	5_0	1	58	26	92.0	0.0	0.1153879838337527	0.1943387783829484	0	0	0	0	0
GAAGAAACGATATTGT-1	5_0	1	59	29	27.0	0.0	0.1558349334325653	0.3971668849530748	0	0	0	0	0
GGACCTCTAGGCCGCC-1	5_0	1	58	30	37.0	0.0	0.201995070232125	0.3607764775178	0	0	0	0	0
AACAGCTGTGTGGCAA-1	5_0	1	59	31	9.0	0.0	0.1734952765185309	0.4652502733340163	0	0	0	0	0
TCGAATATCCCGCAGG-1	5_0	1	58	32	1.0	0.0	0.0872289118080058	0.4961305598341076	0	0	0	0	0
GCGACCCAACCATCTG-1	5_0	1	59	33	3.0	0.0	0.0573237734775054	0.4883935331037776	0	0	0	0	0
TCAGTGTATACGTCAT-1	0_0	1	58	36	1.0	0.0	0.0363602470193846	0.4976284005609435	0	0	0	0	0
AAGATGGCACCGGACC-1	0_0	1	59	39	1.0	0.0	0.0363602470193846	0.4976284005609435	0	0	0	0	0
GGCCGTTTGGGTTTCA-1	0_0	1	59	45	1.0	0.0	0.0363634643361498	0.4976513548651566	0	0	0	0	0
CGGAAAGAATCAAACG-1	0_0	1	58	48	1.0	0.0	0.0363602470193846	0.4976284005609435	0	0	0	0	0
CCTTTAAGGGAGCACT-1	0_0	1	58	50	1.0	0.0	0.0363602470193846	0.4976284005609435	0	0	0	0	0
CCGGAGCGTACTTTCT-1	0_0	1	58	56	2.0	0.0	0.0876962941051219	0.4952569078316692	0	0	0	0	0
GGGCAGAGCAATCGTT-1	0_0	1	58	60	1.0	0.0	0.0363602470193846	0.4976284005609435	0	0	0	0	0
AATTAACGGATTTCCA-1	0_0	1	58	66	1.0	0.0	0.054046046390769	0.4976284005609435	0	0	0	0	0
GAACCCTCTGTGTTCT-1	0_0	1	59	67	1.0	0.0	0.0363602470193846	0.4976284005609435	0	0	0	0	0
GCTAACTGAAGTCTGA-1	0_0	1	58	88	2.0	0.0	0.0181768061464439	0.4952569078316692	0	0	0	0	0
AGTGATAACCTGCGCG-1	0_0	1	59	89	1.0	0.0	0.0363602470193846	0.4976284005609435	0	0	0	0	0
TCGGCTTGTATCGACG-1	0_0	1	58	96	1.0	0.0	0.0363602470193846	0.4976284005609435	0	0	0	0	0
AAGAGGCCCTTTGGAA-1	3_1	1	59	109	1.0	0.0	0.0	0.4998657768292399	0	0	0	0	0
AGAGCCGCCGAGATTT-1	3_1	1	58	112	1.0	0.0	0.0	0.4998657768292399	0	0	0	0	0
TGCGACGGCCGAACGT-1	0_0	1	60	32	2.0	0.0	0.0360325055643153	0.4952798605916649	0	0	0	0	0
GAATAGTGCTCGATTA-1	0_0	1	60	36	1.0	0.0	0.0363602470193846	0.4976284005609435	0	0	0	0	0
TTCTAGAAAGTCTTAT-1	0_0	1	60	46	1.0	0.0	0.0183468816644157	0.4976284005609435	0	0	0	0	0
ACTACGCGTTAGAATT-1	0_0	1	60	56	1.0	0.0	0.0363602470193846	0.4976284005609435	0	0	0	0	0
CTTGGCCAAGCTGGGA-1	1_7	1	61	57	1.0	0.0	0.0	0.4998657768292399	0	0	0	0	0
GTCTCAAGGCCCGGCT-1	0_0	1	60	66	2.0	0.0	0.0360293164348405	0.4952569078316692	0	0	0	0	0
GTTAAGGGTGCGATGT-1	0_0	1	61	71	1.0	0.0	0.0183468816644157	0.4976284005609435	0	0	0	0	0
TGGCTATGTGACATAC-1	0_0	1	60	82	1.0	0.0	0.0183468816644157	0.4976284005609435	0	0	0	0	0
ACTCAAGTGCAAGGCT-1	0_0	1	60	86	1.0	0.0	0.0183468816644157	0.4976284005609435	0	0	0	0	0
CCGTAGGAAATCCCTG-1	0_0	1	60	96	1.0	0.0	0.0183468816644157	0.4976284005609435	0	0	0	0	0
CTGCAGAGAATCAGAG-1	3_1	1	61	101	1.0	0.0	0.0	0.4998657768292399	0	0	0	0	0
GTTTCAAACGAGTTGT-1	3_1	1	61	109	1.0	0.0	0.0	0.4999314819425199	0	0	0	0	0
GATCAACATAAAGGGA-1	0_0	1	62	36	1.0	0.0	0.0183468816644157	0.4976284005609435	0	0	0	0	0
AAGTGAGTCGGGTTTA-1	0_0	1	62	48	1.0	0.0	0.0363602470193846	0.4976284005609435	0	0	0	0	0
CTCCTCCAGCTCACAC-1	0_0	1	62	50	1.0	0.0	0.0363602470193846	0.4976284005609435	0	0	0	0	0
TCCAATAAAGGCTACC-1	0_0	1	63	53	1.0	0.0	0.0363602470193846	0.4976284005609435	0	0	0	0	0
CGTGACCAGTCCTCTG-1	0_0	1	63	55	3.0	0.0	0.0530888361122182	0.4929085786860309	0	0	0	0	0
CGAATGACGCATAATG-1	0_0	1	63	57	2.0	0.0	0.0535630967463001	0.4952569078316692	0	0	0	0	0
CAGCAGTCTGTGCTGC-1	0_0	1	62	74	1.0	0.0	0.0183468816644157	0.4976284005609435	0	0	0	0	0
GAGTGTCAACCAGAAA-1	0_0	1	63	83	1.0	0.0	0.0183468816644157	0.4976284005609435	0	0	0	0	0
CCGCTCTTCCGAACTA-1	0_0	1	63	99	1.0	0.0	0.0183468816644157	0.4976284005609435	0	0	0	0	0
GGTCTCCGTCCAGGTT-1	0_0	1	63	101	1.0	1.0	0.7771140567509206	0.9946175726901704	1	1	1	1	1
GCTACAATCGAGGATA-1	3_1	1	62	104	1.0	0.0	0.0	0.4998657768292399	0	0	0	0	0
TTACACGATCTGCGAC-1	3_1	1	62	110	1.0	0.0	0.0	0.4998657768292399	0	0	0	0	0
CGCTTGGACGGATAGA-1	3_1	1	63	117	2.0	0.0	0.0	0.4997972587792181	0	0	0	0	0
TCCAATGCGTCGCCGC-1	5_0	1	65	1	2.0	0.0	0.1393161974854913	0.4922887435846273	0	0	0	0	0
TATAGAGTCGCTTGAA-1	0_0	1	64	46	1.0	0.0	0.0363602470193846	0.4976284005609435	0	0	0	0	0
AGTATACACAGCGACA-1	0_0	1	64	48	1.0	0.0	0.0363602470193846	0.4976284005609435	0	0	0	0	0
AGGTGGTGACCTTCGC-1	0_0	1	64	56	1.0	0.0	0.054046046390769	0.4976284005609435	0	0	0	0	0
AGCCAAGCTTTGTGTC-1	0_0	1	64	58	1.0	0.0	0.0363654101776995	0.4976652367444888	0	0	0	0	0
CGAGGGTATCCAGGTG-1	0_0	1	64	60	1.0	0.0	0.0183468816644157	0.4976284005609435	0	0	0	0	0
CGTTCAGACCCGCGAA-1	5_6	1	65	61	1.0	0.0	0.0	0.4998657768292399	0	0	0	0	0
AGTTGACGGTCCTTGC-1	5_6	1	65	63	1.0	0.0	0.0	0.4998657768292399	0	0	0	0	0
GTGACAGCTTCCCACT-1	0_0	1	64	74	1.0	0.0	0.0183468816644157	0.4976284005609435	0	0	0	0	0
AGCTAAGTACGCAGGC-1	0_0	1	64	86	1.0	0.0	0.0363602470193846	0.4976284005609435	0	0	0	0	0
TGGCAAGCACAAGTCG-1	0_0	1	66	56	1.0	0.0	0.0183468816644157	0.4976284005609435	0	0	0	0	0
AATTCCAAGCATGTAC-1	0_0	1	66	58	2.0	0.0	0.0360293164348405	0.4952569078316692	0	0	0	0	0
GGCAAGCCCATAGTGG-1	0_0	1	67	61	1.0	0.0	0.054046046390769	0.4976284005609435	0	0	0	0	0
ATGTACGATGACGTCG-1	0_0	1	66	64	2.0	0.0	0.1206289326849043	0.4952798605916649	0	0	0	0	0
GGAGCGAGGCCTACTT-1	0_0	1	67	69	2.0	0.0	0.0360293164348405	0.4952569078316692	0	0	0	0	0
GGCGCTTCATTCCCTG-1	0_0	1	67	71	1.0	0.0	0.0363602470193846	0.4976284005609435	0	0	0	0	0
AAGCGCAGGGCTTTGA-1	0_0	1	67	73	1.0	0.0	0.0363602470193846	0.4976284005609435	0	0	0	0	0
CGCATGCCGAATGCGT-1	0_0	1	67	89	1.0	0.0	0.0183468816644157	0.4976284005609435	0	0	0	0	0
TATGAAGAATTAAGGT-1	0_0	1	67	99	1.0	0.0	0.0183468816644157	0.4976284005609435	0	0	0	0	0
TCCCTTGTCTGAAACT-1	0_0	1	67	115	1.0	0.0	0.0363602470193846	0.4976284005609435	0	0	0	0	0
GCAAACGTAAGCGACC-1	5_0	1	69	5	1.0	0.0	0.1146041418109421	0.4961305598341076	0	0	0	0	0
CCCTCGATAATACACA-1	5_0	1	69	29	9.0	0.0	0.1026338491674303	0.4652502733340163	0	0	0	0	0
CAAGTAAGTGATAGAC-1	5_6	1	69	53	6.0	0.0	0.0	0.499416140026123	0	0	0	0	0
TCGTACCGACGTCAAG-1	0_0	1	68	56	1.0	0.0	0.054053093808691	0.4976628593318962	0	0	0	0	0
TAATACTAGAACAGAC-1	0_0	1	69	77	1.0	0.0	0.0363602470193846	0.4976284005609435	0	0	0	0	0
CATAGAGGAGATACTA-1	0_0	1	69	87	1.0	0.0	0.0363602470193846	0.4976284005609435	0	0	0	0	0
TCATCCTCAGCTGCTT-1	0_0	1	68	90	1.0	0.0	0.054046046390769	0.4976284005609435	0	0	0	0	0
TACAAGGGCTTCTTTA-1	0_0	1	68	94	2.0	0.0	0.0181768061464439	0.4952569078316692	0	0	0	0	0
CCAAGGTTGCCCTTTC-1	0_0	1	69	109	1.0	0.0	0.0363602470193846	0.4976284005609435	0	0	0	0	0
GCTGAAGGGTTCTTGG-1	5_0	1	70	4	3.0	0.0	0.1115002991911252	0.4883935331037776	0	0	0	0	0
TAGACTCAGTTGGCCT-1	5_0	1	70	14	35.0	0.0	0.2069953626681472	0.3678952672086763	0	0	0	0	0
CAGTGTTAATCTCTCA-1	5_0	1	70	16	58.0	0.0	0.1677184107076729	0.2897743636133976	0	0	0	0	0
CAGGCCAGTACCACCT-1	5_0	1	71	17	121.0	0.0	0.1393090622356508	0.135311926823348	0	0	0	0	0
GTATCTCGGGCGCTTT-1	5_0	1	71	19	5.0	0.0	0.15851388759888	0.4806620636274258	0	0	0	0	0
GAGTATACCCTAATCA-1	5_0	1	70	30	1.0	0.0	0.1669588383114622	0.4961503769473494	0	0	0	0	0
ACTACAAAGAGAGGTG-1	5_6	1	71	49	10.0	0.0	0.0	0.4988878160668241	0	0	0	0	0
CCTGTTCAACCTCGGG-1	5_6	1	71	51	6.0	0.0	0.0	0.4993260715963579	0	0	0	0	0
ATTGTCTGTTTCATGT-1	5_6	1	71	53	9.0	0.0	0.0	0.4990134715189648	0	0	0	0	0
GCCGGTCGTATCTCTC-1	5_6	1	70	54	3.0	0.0	0.0	0.4995973305651003	0	0	0	0	0
CTCGTCTGTGCCTTCG-1	0_0	1	70	82	1.0	0.0	0.0183468816644157	0.4976284005609435	0	0	0	0	0
GTGGCTGTTTCTGTTC-1	0_0	1	70	92	1.0	0.0	0.0183485354275944	0.4976513548651566	0	0	0	0	0
CTTAACTTACAGTATA-1	0_0	1	70	112	1.0	0.0	0.0363634643361498	0.4976513548651566	0	0	0	0	0
CTCGAGGCAAGTTTCA-1	5_0	1	72	32	43.0	0.0	0.2025542079812977	0.3396168596823157	0	0	0	0	0
GCTGGGAGCGCGTCAA-1	5_0	1	73	33	31.0	0.0	0.1478627656451681	0.382441967321193	0	0	0	0	0
GACGATATCACTGGGT-1	5_0	1	72	34	11.0	0.0	0.169123373460053	0.4575968601908399	0	0	0	0	0
TCTATCCGATTGCACA-1	0_0	1	73	85	2.0	0.0	0.0181768061464439	0.4952569078316692	0	0	0	0	0
CTTCAGTTGGACAACG-1	0_0	1	73	91	2.0	0.0	0.0181768061464439	0.4952569078316692	0	0	0	0	0
GACACAGCCGGGACTG-1	0_0	1	72	100	1.0	0.0	0.0183468816644157	0.4976284005609435	0	0	0	0	0
ACGGAACACGAGTGCC-1	0_0	1	73	101	2.0	0.0	0.0181768061464439	0.4952569078316692	0	0	0	0	0
CACCCGCGTTTGACAC-1	0_0	1	73	117	1.0	0.0	0.0884582397431237	0.4976284005609435	0	0	0	0	0
ATACAGCGTCCACTGA-1	1_0	1	74	0	1.0	0.0	0.0789689430742238	0.4947738048721673	0	0	0	0	0
GCTACTCGGACGCAGA-1	1_0	1	74	6	1.0	0.0	0.116127397403905	0.4947738048721673	0	0	0	0	0
CAACGCGATGAGCCAA-1	5_0	1	74	36	1.0	0.0	0.2162347459203641	0.4961305598341076	0	0	0	0	0
TCAATCCGGGAAGTTT-1	0_0	1	74	104	1.0	0.0	0.0183468816644157	0.4976284005609435	0	0	0	0	0
CGTTTCGGTTATATGC-1	0_0	1	74	116	1.0	0.0	0.054046046390769	0.4976284005609435	0	0	0	0	0
CGTTAAATACGACCAG-1	0_0	1	74	118	1.0	0.0	0.054046046390769	0.4976284005609435	0	0	0	0	0
