#chr	pos	ref	alt	test_sig	early_mutation	late_mutation	verylate_mutation	ks_stat	ks_pvalue	moranI_stat	moranI_pvalue	mutant_rate	mutant_rate_prob	mutant_rate_likelihood	mutant_rate_vaf	mean_vaf	max_vaf	r_squared	wilcoxon_stat	wilcoxon_pvalue	outlier_clusters	outlier_vaf	outlier_moranI_stat	outlier_moranI_pvalue
chr22	22901307	T	C	1	0	1	0	0.3801580333625988	0.013009064374556	0.0021181208801928715	0.866890191883815	0.048295454545454544	0.048295454545454544	0.048295454545454544	0.048295454545454544	0.011111455890933312	1.0	0.19339657637895677	23448.0	4.532747887295292e-05	0,40,50	0.008675799086757991	NA	NA
chr22	22901319	A	C	1	0	1	0	0.48460666317809176	1.4441354054157045e-10	0.20579670549908646	2.8135178485333364e-32	0.049746192893401014	0.049746192893401014	0.049746192893401014	0.049746192893401014	0.01220284608232583	1.0	0.18477583587568946	97407.0	8.879686048956186e-63	10,50	0.015440210249671484	NA	NA
chr22	22901372	A	C	1	0	1	0	0.4256847545219638	9.630707323531293e-28	0.2743672056482133	5.85830635934824e-138	0.07725321888412018	0.07725321888412018	0.07682403433476395	0.07768240343347639	0.013009037172050573	1.0	0.3956039968190007	550682.0	2.855522399227607e-138	50,56	0.018513769936919843	NA	NA
chr22	22901395	A	G	1	0	1	1	0.3965671321374545	2.6365256109490898e-18	0.23499856504208746	1.2352439442189878e-149	0.04107870805895265	0.04107870805895265	0.047036688617121354	0.049545312010034495	0.006298603528117657	1.0	0.3132192631091234	890655.0	6.00014390616665e-222	50	0.019275429633070135	0.3620124686935031	4.81772686021688e-21
chr22	22901405	C	A	1	1	0	0	0.3028511610532443	1.3158091774164674e-35	0.20482488313902117	9.180699037819308e-114	0.16160350767303477	0.16160350767303477	0.16160350767303477	0.16160350767303477	0.01876795738312464	1.0	0.8587598468224293	1634479.0	3.746671894051741e-69	50,510,55,56	0.02153068556279577	NA	NA
chr22	22906554	C	T	1	0	1	1	0.5502958579881657	0.00032531714595964264	0.3095872076641309	9.03121756503817e-15	0.07650273224043716	0.07650273224043716	0.07650273224043716	0.07650273224043716	0.03819538081833163	1.0	0.07610604981410361	5457.0	2.5984687925406507e-05	50	0.057971014492753624	0.27146269001427736	1.2330484314916617e-08
chr22	22906663	T	A	1	0	1	0	0.2756464904802501	0.0030456088757950333	0.08895113600995953	0.00796136517681257	0.19767441860465115	0.19767441860465115	0.19767441860465115	0.19767441860465115	0.06019126778179086	1.0	0.4577233117595241	9913.0	1.0011507585121702e-08	50,62	0.059672762271414825	NA	NA
chr22	22906663	T	G	0	0	0	0	0.277939529675252	0.10727377452619592	-0.021396221049076604	0.6139525075093656	0.07480314960629922	0.07480314960629922	0.07480314960629922	0.07480314960629922	0.0244757002535969	1.0	0.32551751611999935	13879.0	0.04557508044371549	50,56	0.019175455417066157	NA	NA
chr22	22906669	T,A	C	0	0	0	0	0.3014811275680841	3.556117849830937e-05	0.1460880561812239	2.2735353623710848e-05	0.3611111111111111	0.3611111111111111	0.3611111111111111	0.3611111111111111	0.17391773720900477	1.0	0.6782041954881745	13787.0	0.06104408804673381	NA	NA	NA	NA
chr22	22906669	T,A	G	1	0	1	1	0.3761038961038961	8.335420890677829e-06	0.16701257472686049	3.584403686791409e-06	0.2391304347826087	0.2391304347826087	0.2391304347826087	0.2391304347826087	0.07191039241048855	1.0	0.4131069771218849	8671.0	3.958764295969195e-06	50	0.08316008316008316	0.10149795611015489	0.02388492257074555
chr22	22906685	A	C	1	0	1	0	0.30997182074356877	0.00029867268251928365	0.1269470386596102	0.00022309817157249758	0.228	0.228	0.228	0.228	0.0786748680628217	1.0	0.4164732134473265	12530.0	0.005163125899229783	NA	NA	NA	NA
chr22	22906719	G	A	1	0	1	0	0.3618661257606491	0.026642046621009052	0.07532460215015997	0.06266961236476774	0.10493827160493827	0.10493827160493827	0.10493827160493827	0.10493827160493827	0.03429589031440883	1.0	0.17954970332439157	5921.0	0.24586592523613482	10,50	0.04265402843601896	NA	NA
chr22	22906719	G	T	0	0	0	0	0.3451581975071908	0.07237723433932822	0.017332999907304802	0.588129977048682	0.08588957055214724	0.08588957055214724	0.08588957055214724	0.08588957055214724	0.03703918642568949	1.0	0.19155775371698133	5361.0	0.025545176851005824	10,50,510	0.03529411764705882	NA	NA
chr22	22906719	G	C	0	0	0	0	0.43137254901960786	0.08286808786380974	-0.01635330900036784	0.8116840445360024	0.049689440993788817	0.049689440993788817	0.049689440993788817	0.049689440993788817	0.015311318416908476	1.0	0.16083983180301561	5735.0	0.17615650785381565	19,50	0.0225	NA	NA
chr22	22906720	G	C	0	0	0	0	0.32054794520547947	0.09627157663837353	0.029362114293621164	0.41416328508758793	0.09316770186335403	0.09316770186335403	0.09316770186335403	0.09316770186335403	0.04012506295114991	1.0	0.4916579917555159	5078.0	0.013104532783292088	0,10,50	0.05060240963855422	NA	NA
chr22	22906720	G	A	0	0	0	0	0.40321583178726034	0.051450939753761894	0.012076793199242177	0.6711146825046337	0.06962025316455696	0.06962025316455696	0.06962025316455696	0.06962025316455696	0.024344756148553616	1.0	0.1063997252521112	5228.0	0.06239882733065432	50,51	0.028132992327365727	NA	NA
chr22	22906720	G	T	0	0	0	0	0.3016917293233083	0.48592882555905303	-0.03854166666666665	0.4433025379441211	0.0440251572327044	0.0440251572327044	0.0440251572327044	0.0440251572327044	0.01857830254056669	1.0	0.1342830814807518	5701.0	0.24782823875219506	10,50	0.017114914425427872	NA	NA
